7896241221853
7896241225523
7896112425250
7896241225127
7898040320973
7896658006920
7897322709987
7897322709734
7897322709727
7897322709710
7897322709499
7897322709994
7892828000019
7795320050127
7897337712965
7891106912761
7896641800016
7891142115492
7891142115478
7891142201638
7891142115126
7898037080460
7898037080286
7891317000820
7891317000936
7891058021665
7891058021603
7891058021542
7896331704983
7896226101156
7896112486787
7896112427735
7896658033278
7896094914971
7896094914995
7896094911062
7897572006331
7897572006294
7896004754130
7898582380183
7896094915107
7891106909457
7891106006316
7891106909631
7891106908214
7891106912167
7891106907293
7897947613669
7891317103323
7891317001964
7896658000102
7896094915732
7896094915060
7894916509305
7894916509336
7894916509329
7896004817507
7896004817521
7898430191039
7898414850617
7896317900217
7895858017156
7897129300059
7896026307161
7896026307154
7896372505006
7897473205246
7891045040679
7898949409816
7898636190706
7891721028335
7891158102950
7896658025150
7896317913019
7896658029806
7891721024924
7891721025105
7898549755627
7898549755726
7896112422778
7896015526252
7896316301008
7891058021900
7896658027208
7899420502811
7896658003547
7898096577031
7891058020071
7891058020088
7897337712927
7899824400980
7896641808982
7896641808999
7896641809026
7896641809033
7891317446444
7899640806768
7898956544357
7896006211877
7896637025478
7898040322441
7891058022136
7891058017392
7891058017507
7896317911053
7896317910292
7896112400554
7891058021528
7896112416418
7896023701436
7891058016999
7891058020286
7896641810220
7891058260071
7896094912977
7896094914155
7896094914353
7896094914414
7896094912984
7896094912991
7896094904330
7890282801333
7892828001344
7892828001337
7898040322786
7891317181611
7896658015106
7898495605083
7891721020933
7891721000126
7891721026546
7896422513944
7896422513883
7899824400560
7899824401017
7899824400775
7899824400737
7899640807031
7897655100208
7891106001762
7891106003230
7896006208266
7896006290162
7898636190515
7898495609289
7898495609302
7908020500773
7898495609340
7898495609326
7896026306492
7897655402036
7501303484151
7891106909495
7898956544562
7891058018382
7501001311186
7891010246846
7501001311179
7591165880567
7898414852734
7898414851966
7898495609364
7898495609487
7896212469468
7896658033162
7892828001504
7892828001511
7898569763732
7899824400065
7899640807192
7896658028922
7896637028523
7899824400478
7896006291398
7896006290216
7896548113059
7896094903234
7896637026901
7896422504409
78950030
7895858015695
7895858015671
78950016
7898949409618
7898099460040
7897322710457
7896094916289
7896094916227
7897411610941
7891035650130
7891035650123
7896094916135
7896094916555
7896738800011
7898040325237
7896094208407
7897337712576
7891142116000
7899640807277
7897322714479
7896714272665
7896004753997
7896641804588
7896641804595
8902220114937
7896641810084
7896641810367
7896641812293
7896548197585
7896181928706
7898956544098
7896006222620
7899640806058
7899640804993
7899640805051
7896548198797
7897316806371
7897316806388
7897316806630
7899824400171
7892953000182
7896637022439
7891317498764
7891317498795
7899824400546
7891158104688
7891317001711
7899640803521
7897337713382
7891058021726
7896180302064
7896180302095
7891142171719
7896112477938
7891317177645
7891317177676
7891106908641
7898495609784
7898040323844
7898949409465
7896658022197
7894916550048
7894916550055
7899640806102
7899640808243
7896658027802
7891106904582
7899640806126
7894913001789
7898956544111
7896112453154
7896015511159
7896094201514
7896094207943
7896094209701
7896015590987
7898414851553
7892828001405
7897460401422
7898040323806
7894916209908
7896015516017
7896112400608
7896685300213
7898040324209
7894916512077
7897700031235
7896548198247
7896676426878
7891317129859
7891317129781
7896179850040
7897322709789
7897322709802
7891317465049
7891317465032
7896658032561
7896112466215
7898031310969
7894916501415
7899640807512
8902220118430
7898908753172
7896094915794
7891106906043
7896212422524
7891010246235
7896006238706
7896317911640
7898495607322
7896094208933
7896094206410
7896094206403
7590002023228
7500435140157
7501001168797
7501007447285
7896093000217
7897129300516
7897129300509
7896251801533
7896251801540
7891058016609
7891058016616
5000456028387
7891106908498
5000456009317
7897572006263
7899824400201
7896317903409
7895858010324
7896255711005
7896255711043
7896422514484
7899640806355
7891317443375
7891317443382
7896070600034
7896070600201
7896676413045
7896676422269
7896676422276
7896094200234
7891142115911
7897337704960
7897337705004
7897337704984
7899640803880
7899640803927
7891317000226
7891268100808
7891268100815
7891268101577
7899640806591
7894916503051
7896676400489
7896676400175
7896676400465
7896006212577
7891317137557
7894916512015
7894916509350
7894916201353
7897411603097
7897322710761
7896658029608
7896658029561
7891158000942
7891158000966
7891158000898
7896255762465
7896255762595
7896255762618
7891158103063
7894916202671
7896422515085
7897930760127
7897930761476
7897595902047
7896637023979
7896637022767
7896658015786
7896658015724
7896226501178
7896112456162
8902220108370
7891058030124
7894916507738
7894916509190
7891317000370
7891317103033
7896658028113
7896658028083
7891058325039
7891058326005
7891268103144
7894916506847
7896070600669
7896070601932
7898505090618
7896212420629
7896212429295
7897572005419
7896185909084
7896676419207
7896676419269
7896226500164
7896226502199
7896261000186
7891268116359
7899640807222
7898168000450
8902220106970
7896422518697
7896070601574
7896070601062
7896070601055
7896070601697
7896070601260
7894916500272
7891317000035
7891317000042
7896261009677
7894916509510
7891317421526
7891317421557
7891317421595
7892953002216
7892953000144
7898040325664
7896094207608
7896094203280
7896094207615
7896658016837
7896658016844
7896676433661
7896676433685
7896226504742
7896226500201
7896226502427
7896226500218
7896226502410
7896226501239
7894916501255
8902220109520
7899420501647
7899420501579
7896206402884
7897595901651
7896015511210
7897595902146
7891058006235
7891058006259
7897595902085
7896261000742
7896261005198
7896261005747
7896181901044
7896181902386
8902220106024
8902220105935
7896676432602
7898582380022
7898582380015
7896212425549
7896226502458
7896226502441
7897595900517
7896094206298
8903855062822
8903855062006
7891800588262
7896641808609
7897322709420
7897322710020
7897322714431
7897322707617
7897322709758
7897322709529
7897322709475
7897322709468
7890282800022
7891045040501
7891045038386
7891045043588
7891045043564
7891045040587
7896672201011
7891142115430
7896026300988
7891106904155
7891104193087
7896046300036
7898942324314
7795320008791
7896004753638
7896004753621
7896004817569
7896004726793
7896004817576
7891268402018
7891010974916
7891268402001
7891268402025
7891010974930
7891010974923
7896094903036
7896094905825
7896422518161
7891058015695
7891106908870
7891106908221
7896004726045
7896094903067
7896026303002
7896026300308
7896026300315
7899470802565
7898414852581
7896226105147
7891045040884
7891106900591
7896658001178
7896261014244
7896261014268
7896261018303
7891721104923
7891721100017
7891721100048
7891045043083
7891045043472
7897595900685
7897595900708
7897595900715
7898949409625
7896548113479
7896548133613
7898414851256
7898414852604
7896255767330
7891058020316
7891142136596
7896006290117
7898949409847
7896009490651
7896009400148
7896830500505
7896004801216
7897572002654
7896658009075
7896658001925
7891058018627
7891058009458
7896094910553
7896094901254
7896094906310
7896251800826
7896180300237
7896180300275
7896006216308
7896094907324
7896094903104
7896094903289
7896658021640
7896094912960
7896658005466
7896658005442
7896658005312
7891104191526
7896006236009
7896006291732
7896006291770
7896094901612
7896094901582
7894916501804
7896180300251
7897411601529
7897411601505
7897411601543
7897411601567
7897137903747
7896006259701
7896212422562
7898133139420
7896094906181
7896094904118
7896004723334
7897316800201
7897930760424
7896016801501
7896016804915
7896016804939
7891045039987
7896026170475
7896026120494
7898040322540
7898040324247
7896094904156
7896094904125
7896094901155
7896094901148
7891106904537
7896658000089
7891317000677
7896180302040
7896180302088
7896006240419
7896094201637
7891268404029
7891268404036
7896212410057
7896016805608
7896016805615
7896016807220
7896004714578
7891106904070
7896641802843
7896641802850
7896714233833
7896714233840
7896641810695
7896641808630
7896641805653
7896641803895
7896015519261
7896015525002
7891317496388
7891058001155
7891058008642
7891058487096
7891058464073
7898040321376
7894916508285
7891058011550
7898133134685
7896212429028
7896255766081
7896255766012
7891158104657
7896026120555
7897655401794
7891142171191
7891142171061
7891106006132
7892953001370
7892953001387
7891106006279
7891106006262
7891106006286
7896641804205
7897322702032
7897322709376
7897322704944
7897322706658
7896015521622
7896015517045
7896015516970
7896015560331
7896015511166
7896015518486
7896015560027
7896015560300
7896227800034
7896227800041
7896227800010
7896094209695
7898414851577
7891317006570
7896082900337
7896082900276
7896015517106
12139
7896090604517
7896090611607
7896658023361
7891035010842
7891035655357
7891045038690
7896548198957
7896185989819
7896658005923
7896548140222
7896212479924
7891010986155
7891010986148
7896212450329
7896212428861
7896212409457
7896212413560
7896422506564
7897572003972
7897572004009
7896093001054
7896093001030
7590002032817
7590002012468
7896006292005
7896006204657
7896006224181
7896641808647
7896641804434
7896641804441
7896004710907
7896241225530
7898029550247
7891058004217
7891058016159
7897316800027
7897316804735
7896422518321
7896658003165
7896658021688
7896658021725
7896658021732
7898040320683
7896015522506
7896269900037
7896269900044
7896269900150
7897337712972
7891142113160
7894916503761
7894916503754
7896641800030
7896641800023
7891268100204
7891268100211
7891268100228
7896641807763
7896181918943
7896181905288
7891721023965
7891058168049
7891058169015
7891058004347
7891058024314
7891058004354
7891058006716
7896658005046
7896658004896
7896658004902
7897316801017
7897316805268
7899640802517
7896094207844
7896094207851
7896658005190
7896181916222
7896181916109
7896181916062
7896181916086
7898040321420
7898040321505
7898040321512
7891317490133
7896658001789
7896658001765
7896540792757
7896261018181
7896261000223
7896422533898
7896241227701
7896241241394
7896241235775
7898096577345
7894916502962
7894916503488
7896658004858
7896658004391
7896658001864
7899420503221
7899420503276
7891106000888
7896026300162
7897316801130
7896026300216
7897595903273
7896015518875
7897572006324
7896548168745
7896548199855
8902220106079
7896672201875
7897411610606
7897411610620
7897411610668
7897411610675
7897411610682
7897411611016
7897411611030
7897411611023
7891106907286
7896026302784
7896026300247
7897595901187
7891317436322
7891317478919
7891317478964
7896269900303
7896070601772
7896658014321
7896658004292
7896676410372
7896241217672
7894916507936
7894916507912
7894916508353
7894916508360
7894916508377
7896685302880
7896641802300
7896658002113
7896658002120
7891058019365
7896206402037
7896206402044
7795304000056
7896181915171
7896181907176
7896181915188
7896181913719
7898049793419
7892953000175
7896094200982
7896658001116
7896658001123
7896026307178
7896658010286
7896261013490
7896094201422
7898029550063
7896658002205
7896658001079
7891142126276
7891142128249
7891142128133
7891142128546
7891142128638
7897572001923
7896548140284
7898283990070
7896382705342
7891142128867
7896672201905
7896672202025
7896672201424
7896672202384
7896672202872
7891106905893
7891106905909
7891721003042
7897930760486
7896422513098
7896658011924
7897595901521
7898919603152
7891058006334
7897316804780
7896658007255
7896658007286
7896658003653
7896015523398
7891721025228
7892953000694
7896181901631
7896181901747
7896181920397
7896181920410
7896181900115
7896070600249
7896206402372
7891317136468
7897316801390
7897316801413
7896112424444
7896830500468
7896185932013
7894916508988
7891058212070
7899420502859
7896658003554
7896658003516
7896658003141
7896658003189
7896658001901
7891317477738
7891268101782
7896241235461
7896422501453
7896637022033
7891721024481
7896317900408
7896317900415
7891317000295
7898049796755
7896006247319
7898029552128
7898029552203
7891106905916
7891721010026
7896658008023
7896094200470
7897316801635
7896658006043
7896658006050
7896658011368
7896658000843
7896261005884
7896261009554
7896261005860
7896261012486
7896261004900
7896261012356
7896261012332
7891142142221
7891142142214
7891142141279
7891142141293
7891142142252
7891317000288
7898040320768
7898040321253
7891317455040
7891317483531
7896658014604
7896658002229
7896317910261
7896317911084
7896317910308
7896641806483
7896641805943
7896641806056
7896641807534
7896241270455
7896241252420
7896241261248
7896548198353
7891317485801
7896026304917
7896255766319
7891317000547
7891317005351
7896112416463
7898168009125
7896094207516
7896094203044
7896094202900
7896094203051
7896004737423
7896658018862
7891058263096
7891721014086
7891721014130
7891721014642
7891721014963
7891045000987
7891045000895
7892953000526
7896658000379
7896658000393
7891268144123
7891106905923
7896658006401
7896658001949
7896658015069
7896070600447
7891058017446
7891058017439
7896658003981
7896658005091
7896658007309
7891317485153
7891317181604
7894916500715
7896637017176
7896658004018
7891106006507
7896637023146
7896637023344
7896637022446
7896637023238
7898040322670
7896317906226
7891721023422
7896269900907
7896015527204
7896658002892
7896658005336
7891721020940
7891721001970
7891721026478
7896685301661
7896685300183
7896672201646
7896672201660
7898074617445
7898074617438
7897473201767
7896180300213
7896269900945
7896422500852
7896422500883
7891317466350
7891317466404
7896672201257
7897316804810
7891268103113
7897655401695
7897655401688
7897460401347
7896261012936
7896261016262
7897460401323
7896094203068
7896112435648
7898040320584
7896548114124
7891721022579
7891721024009
7891721022272
7891721044229
7891721044243
7897572000896
7898040320027
7898040321550
7898040321406
7897473206403
7890282800688
7890282800695
7896261000513
7897129301513
7897129301506
7891317124182
7896006259305
4260085521425
7795320008821
7896241226285
8902220105676
7894916501408
7897460400227
7894916550031
7894916500777
7894916501095
7896094208094
7896094208674
7897337708203
7897337708180
7897337706322
7897337706315
7897337707664
7896026306416
7896026306188
7896676427745
7896658018732
7896637022903
7896180300183
7894916501842
7891058431037
7897316806012
7896658002403
7896112448358
7896241248287
7894916503266
7894916503259
7896658008825
7896658008863
7896658008887
7896658003394
7896658008740
7896658002076
7896658008764
7896658008788
7897473206854
7896658021442
7896094200920
7896255767026
7896241248430
7896112416135
7896112416142
7896046302047
7897322702209
7897322701752
7896637023443
7891058410063
7896206401368
7896181907497
7896181915072
7897411610958
7891268116243
7898430191015
7896226102955
7894916503747
7896672202308
7896672202346
7896672202155
7891104195340
7898040321284
7898040320911
7897337702089
7896180300053
7896548111727
7896180300244
7897322701738
7896637023115
7896637023641
7891317439033
7895858011857
7896658005589
7897572000100
7896658012402
7896658012419
7896641802997
7891142158130
7896026304245
7896026305327
7896026305310
7896026304337
7897129301186
7898096577048
7897572000230
7894916503792
7894916206419
7896261004009
7891045008648
7896094201354
7896658001512
7896637023665
7896637022842
7896637025102
7896637025096
7891106907552
7896658008559
7897337702270
7891317498306
7891317498054
7897851250561
7897851250585
7897851250387
7896658014215
7896658023354
7896212414468
7896212422777
7896212429738
7896212429745
7896212422784
7896026300537
7891317432362
7896548112229
7899337000639
7896094208117
7896094206380
7896094206342
7896094206366
7896094202603
7896094201392
7896094203259
7896269900983
7896015526382
7898926572090
7898926572113
7898495608145
7898029556829
7896112412175
7896112412335
8902220116214
7891106905992
7896641809170
7894916500289
7894916500548
7894916500296
7894916500333
7894916500425
7894916501736
7894916500432
7899824400690
7899824400409
7894916510271
7896658005121
7897337709149
7891317426958
7891317439330
7891317426934
7896181906391
7896070603271
7891045008433
7896241274903
7896641805912
7896641805479
7896641805929
7891268148367
7891268148350
7896658021381
7896658021121
7896658007088
7896658000560
7896658000577
7896112422136
7896112422211
7896658003806
7898948648179
7896548197677
7891268148862
7896112400363
7896658019036
7894916503983
7896261010055
7897572000803
7897572000292
7896212468898
7896112425496
7896658002670
7896548115251
7896548140581
7894916500418
7894916500364
7891317411909
7896422513746
7896422509022
7891058021719
7896676401776
7896006238751
8902220109681
7891317496760
7891058059149
7896094206113
7891268105919
7896094201545
7896094201507
650240006364
7891142171757
7891142171733
7891142171252
7891268118001
7897316800300
7897316802861
7898049794096
7898049798001
7891142177124
7891142177056
7891142177162
7891142177155
7891142177216
7891142177032
7891142177049
7896658011276
7896658005145
7896658009518
7896658011580
7896658005763
7896112470526
7896112432401
7896112413677
7891317462475
7896261000711
7896641803642
7896070601765
7896070601895
7896070601703
7896070601871
7891058011499
7891317411923
7896226500515
7896226500362
7899420501791
7897337709019
7899420503597
7896269900617
7896206402020
7897595901033
7897595903372
7897595901446
7897595901330
7897595901309
7891058003562
7897595901316
7897595903365
7898430190995
7897655400216
7897655400223
7897316805299
7897337705882
7897337705868
7896637022552
7896637023047
7897655400230
7897655401176
7894916505178
7896255764384
7891721012976
7897572000933
7898074618183
7891317465667
7891317465650
7896206407605
7896206402877
7896206406769
7896206402853
7896206406707
7896206402860
7896094201453
7894916506762
7894916509183
7894916206860
7896261010185
7896261006553
7894916207546
7894916503402
7896658000638
7896658000652
7896658012327
7896658000966
7898074617803
7898074610880
7896006290667
7896006290988
7897337710930
7896212478972
7896212479689
7894916500869
7894916500746
7896094201064
7896094200432
7896241265406
7896016801655
7896255716970
7896255700283
7896255716949
7896255716956
7896255716963
7896255700276
7891317485320
7891317008703
7891317443931
7891317445126
7896658004704
7896658001666
7896112424123
7896241231630
7896241231616
7896641808432
7894916550116
7894916503389
7894916550123
7896255717717
7896255717724
7896676428681
7897129300769
7896094201774
8903855062020
7897460400357
7896658005893
7896658015380
7896658015427
7891317125455
7896261010222
7891317412524
7891317445720
7891317445751
7891317445737
7891317412555
7894916208154
7894916208833
7896212415618
7898040322120
4260085521234
7896006202783
7898948648131
7898948648148
7898948648292
7898943707703
7896422510219
7896422510288
7896422518079
7896006225102
7896241293737
7896241228142
7896241285022
7896181907275
7896241293751
7896241293553
7891317489663
7891317489700
7896641805776
7896641802782
7896641809545
7896317908121
7896658000713
7896658004834
7896658002700
7899337000813
7891268106527
7896253900913
7896206404291
7897129303937
7897129302541
7896226102603
7896241296523
7896241296400
7891106907002
7896112480709
7896112421498
7891106906067
7891106909044
7891106908894
7896015513313
7891317457211
7896422528764
7896269901409
7897473205741
7899420501708
7899420506666
7894916502764
7891317451752
7891317420833
7891317412708
7891317420840
7891317412692
7891317436148
7899640800117
7899640804665
7894916500609
7894916500593
7899547521214
7891317102012
7891317101985
7896226500379
7896226500416
7896226500386
7891317430436
7897316801178
7898109241706
7894916505673
7896548161746
7896548160619
7896015568115
7891721001994
7896317900316
7896658000805
7898283990100
7896658003561
7898169080642
7891142142290
7891142142283
7894916510202
7896070600607
7896070600799
7896070600904
7891317191658
7891142202833
7896658006395
7898906376663
7896676402544
7899420506185
7896637023092
7896637023009
7891142165770
7896180300145
7896548111987
7896862960209
7898074614178
7896658002922
7896658002939
7896658002946
7897316800256
7898040321390
7898040324223
7898040320942
7896261009660
7891317007621
7891317007638
7896422502559
7896422518710
7891142180766
7891142180773
7896180300510
7894916500838
7894916501477
7894916503198
7894916508537
7891317435462
7891317192792
7891317469238
7891317421748
7891317421755
7891317019204
7891317003715
7891317485313
7899824400911
7896180300114
7896548112717
7899640804283
7899640804290
7898906376397
7898906376380
7898906376403
7896226102504
7891317452650
7891317452933
7894916500951
7894916501613
5702191007985
5702191007961
7896548197554
7896548139585
7897316804902
7897316805442
2 GENERICO
7896004755878
7896004759722
7898505093107
7896112101352
7898075315470
7896422515122
7896523215747
7898075317771
7896181928829
7895296420020
7895296420013
7898075314343
7896714262031
7896523215952
7896523216034
7898075314312
7899547510003
7891721026898
7891721026959
7896523219349
7896714234892
7896112172666
7899547510911
7899620910164
7896523210728
7898075315203
7899095239838
7896004756875
7895296365017
8901148239104
7896112100607
7891158101359
7898049795345
7897595620293
7896112101345
7899547503333
7896523214092
7898075314930
7891317453008
7895296351041
7896004755885
7896004734408
7898049796564
7898075314473
7896206425906
7899095249325
7899095249318
7896714234564
7895296053044
7896004728827
7896004708072
7896004708058
7895296422024
7895296422017
7898505093138
7896112160830
7898947385693
7896181926757
7896004733319
7898148291533
7896004715902
7896422504478
7896714223841
7896523212685
7891317172657
7896714249124
7899547500233
7891317191740
7899547507867
7899547507881
7898148307654
7896181924166
7896112100539
7896004708652
7896112136675
7898075314077
7896206407308
7898947385730
7896714255903
7895296240093
7899547513240
7896714255897
7895296240109
7896714255941
7894916149662
7899095243125
7896004726540
7896714242866
7896004761152
7896004718859
7896004718866
7896112139096
7896004718873
7896422517034
7896112139157
7896112127826
7891058021887
7896422514866
7896714212203
7896112115267
7896422505970
7896714212371
7896112113843
7896004713779
7896004707198
7896714213309
7896112119210
7896112119258
7891317137359
7896181927037
7896422515580
7896422514644
7896004721835
7896004721828
7895296055024
7896422514651
7896004721842
7891317445232
7896004712925
7896422511865
7896004712932
7899095249790
7899095249844
7896004756660
7891317463076
7891317430368
7896112124429
7895296213042
7896004732640
7895296213059
7896004709871
7896004744445
7895296354011
7895296354035
7896004720449
7896004711096
7897076912299
7896422516334
7896422516303
7896112101659
7891317446963
7891317456559
7895296232067
7896004710099
7897076908148
7895296232081
7896004721095
7896714225890
7896112121145
7896422509350
7896181925224
7896112159599
7896112114574
7896112125358
7896006237372
7896112125617
7896004738949
7896004725017
7896112160366
7891058021917
7896112138501
7896422546775
7896422517621
7896004711508
7896181900351
7896422525398
7896112159490
7896714248714
7897076911827
7897076906038
7897076906090
7897076911278
7899095238565
7891721028120
7896112121114
7896181927693
7891058021948
7891058021955
7899640804061
7896112158882
7899095233805
7896004715285
7894916143400
7894916142656
7896004713342
7896004713328
7899095233799
7896004713373
7896004710891
7896004713182
7896004703572
7896714208206
7895296285018
7896112113652
7896004700564
7895296285049
7896004716084
7896112113669
7896422507295
7896112136385
7896004705736
7896112127338
7896714202921
7895296281027
7896714202891
7896112127390
7898060131146
7896422505154
7896004721798
7896004722467
7896004711416
7896004721231
7896422504812
7896004718453
7896112145806
7896422507202
7896004708669
7896004715650
7896004715674
7899095230224
7896004703398
7896714201177
7896004715841
7896004719115
7896112161233
7896004711935
7896422513173
7896004723587
7891317452995
7895296048033
7894916145114
7896004723563
7897076912190
7896004723570
7895296048057
7896714207056
7896006270508
7896004701288
7896004727226
7898095343880
7899095236400
7896714211275
7899095233546
7896004725789
7894916145480
7898095343873
7896112133001
7899547528619
7899547506839
7898049792351
7896714212708
7899547505429
7894916140829
7899547505436
7896004709833
7891317457266
7896714213255
7899095202061
7896004713748
7897076906786
7891721270505
7896004710983
7896112127437
7896004704999
7896112136460
7896004720784
7891317126797
7897322703794
7898148297535
7891317477301
7896112115175
7896714214405
7896714214399
7895296284042
7896523208893
7896714209647
7896112189114
7899095230095
7894916142311
7896112147312
7896004700038
7896112171317
7896714214498
7896004719207
7896112171324
7896004721323
7896004721309
7895296192019
7896004708683
7896112132813
7896004708980
7894916140089
7896422505673
7896004705330
7896523212319
7896112129301
7896004708676
7896112191537
7899095233027
7896004710495
7894916140485
7899095233034
7895296271028
7896714214146
7896112191490
7896004722122
7896004722146
7896004722153
7896004716541
7896714241821
7896004721897
7896004721903
7899095232372
7896112132936
7894916141734
7896112128762
7897076907417
7897076907431
7896112128847
7896422505741
7896676405835
7896714265308
7896004714011
7896422516877
7896004720869
7896181911517
7895296210218
7898148292936
7896004702452
7896004710457
7896422511728
7896112162322
7896714231204
7896422516921
7899547503845
7896422516945
7899547503913
7896112110347
7896112110354
7898148290802
7896004709024
7898049792979
7895296299022
7896004705781
7896112125495
7898148290840
7896523212944
7896472513345
7894916144681
7896004709147
7896004709123
7896004709130
7896004709154
7894916144698
7896181911159
7896714234465
7896004729466
7896004729428
7896714234366
7891317489328
7896004729473
7891317489366
7896004729442
7891317489403
7896714234410
7896006209027
7896112175858
7896004702049
7896714211312
7896112114277
7896523213590
7899547504842
7896422505789
7896112149460
7896714211305
7899547504835
7896004716435
7896004704616
7895296291071
7896004704623
7896422506441
7896004716251
7896004710525
7896004724706
7897076912336
7896112114413
7896714214337
7895296044011
7898148299010
7896004727899
7898148298587
7898148298747
7896004716497
7896004742595
7896004745329
7896004745350
7896422503655
7898148290512
7896112116660
7896714205687
7896112116677
7898148290550
7896004731391
7896181909880
7896004731414
7895296092302
7896004731353
7896181915034
7895296092111
7896004731377
7894916143257
7896004718460
7896422506267
7896523208022
7896004700984
7896714207032
7896004709499
7898148290406
7896004705606
7896112113577
7895296270014
7899095232389
7894916143141
7896004709413
7895296287012
7899095232396
7896112113560
7891317002497
7896004705590
7895296297042
7896112126744
7894916142908
7895296210546
7896112126720
7896422507349
7896004726922
7896004730172
7896004730189
7896004737591
7896004730059
7896422512169
7896422512145
7891317435943
7896112119609
7897076910905
7897076910929
7896714215976
7896714226736
7896714227375
7896714226699
7896714226705
7897595601834
7896004711454
7896181904830
7895296033121
7895296211062
7895296211086
7896004726076
7895296252010
7897076910974
7894916145718
7896004727363
7894916146111
7896004729688
7896004729695
7896112126478
7891721022722
7896112131113
7891721025334
7899547511130
7896112128670
7896004712895
7896112126485
7896004733302
7895296105026
7897076912275
7891317430146
7896004713724
7896004731704
7896004731735
7898569761431
7896422515511
7896422515535
7896112110576
7899095245181
7896112149736
7896004715827
7896004709369
7896112149774
7896422504669
7896004703794
7896422504713
7896004703787
7896112149446
7896004706375
7896004706368
7896004705583
7896004708867
7896472516292
7899095245686
7895296277174
7896004709291
7896004709307
7896004733326
7896004730721
7896422521277
7894916146876
7896004726410
7896004725673
7896004725666
7895296045063
7899547505061
7896181922667
7897595620354
7891317448936
7896004711874
7898060132563
7896004711362
7896112127666
7896714204390
7896422507042
7899095202085
7896112155003
7896004712147
7896004711539
7896112174929
7896714204413
7896112147701
7896004713731
7896112149521
7896004701820
7897076908773
7896004706665
7894916140744
7896004728629
7896422504492
7896004742007
7898148301669
7896181921325
7891317478766
7896181921363
7891317478810
7896181921288
7896422507028
7898049794010
7896112123170
7896004700656
7898095343125
7896004711850
7891317141967
7896112129653
7895296100038
7895296352017
7895296378017
7896004744971
7896004709956
7896004743936
7896004742083
7894916148009
7897076914088
7896004742090
7896004742076
7896004743967
7895296128087
7896004708942
7891317431358
7896004708959
7896004711034
7896004711041
7899551301284
7896112100041
7895296194013
7895296275040
7891721270406
7891721275012
7894916140348
7895296276047
7896004707501
7896523208763
7896112148623
7896523208770
7896004703343
7896004707921
7896004739588
7896004715599
7896714218892
7896004715568
7896112170310
7896181906582
7895296272018
7896004707945
7899095249707
7896714217093
7897076915474
7895296110037
7895296110075
7896004711164
7896523210926
7895296109093
7896112165651
7896714211978
7896004716176
7896004725833
7895296189019
7895296182010
7891317127404
7896004728834
7896714212678
7898927562403
7891317414139
7896004713168
7896004713137
7891721019999
7891721020049
7891721020148
7891721020193
7891721019791
7891721019845
7891721019890
7891721019944
7896004706429
7896714213040
7896004723655
7894916145152
7896004708539
7896112114185
7896714208565
7898148301720
7896181915638
7896112134220
7896004713892
7896004713915
7891317445287
7896004713908
7896004713922
7894916143035
7894916143042
7896714201498
7896523209418
7896422506786
7896004710358
7896714205823
7895296216036
7896112126225
7896523210759
7896004700533
7896422514248
7896112126270
7896714205816
7896714205830
7896112126171
7896714225753
7896181907077
7896714203645
7898153652541
7896112132066
7896004710686
7896714228853
7898912189059
7896112168522
7896112129295
7891721023507
7896181906193
7896181904793
7894916143080
7895296211215
7896004704036
7896714229829
7896523211268
7896112126768
7896004704043
7896714206080
7896112189107
7896004711355
7896004711195
7896004728773
7896004712574
7899095202108
7898505091479
7896422507400
7897076907714
8902220114876
8902220114814
7891317123956
7891317123994
7896422506533
7896112148715
7896112181729
7896004745626
7896004737218
7896714237497
7896714237510
7895296238014
7896181918424
7896004708492
7896004708515
7896422506625
7896004706009
7896004708508
7896004749358
7896181918691
7896004713571
7896004708461
7896004705071
7896714209456
7898148297184
7896004733241
7894916146852
7896004733234
7896181914303
7896181914280
7896714212104
7896004707990
7896004706313
7896714212098
7898049796069
7896714212081
7896004708003
7894916141116
7891317490003
7896004712420
7896714209852
7896004712413
7896112113584
7895296210324
7896714207018
7894916550062
7891058002404
7896422518673
7895296296021
7896004728667
7896004729657
7895296096096
7896004728858
7896004728865
7894916147972
7897076911070
7896112121183
7894916500685
7897595609854
7894916141215
7896714261089
7899095202580
7899547513202
7896422501651
7899547513219
7896714229843
7896004740621
7896714223971
7896004727448
7894916147743
7896004742199
7895296132039
7896004720708
7898148298655
7896004705132
7895296296014
7896004709444
7896714224107
7896004713038
7896004713052
7896004728261
7896004712048
7896004712031
7899095230026
7896112123385
7896714205861
7896004708881
7896714224114
7896004732848
7896004732916
7896181921523
7896004732855
7896714241340
7896004732923
7896004732824
7896714241289
7895296094597
7896006209690
7896112101734
7896112101710
7898148298877
7896004700458
7896112128052
7896004702216
7891317001568
7898148298891
7896004709116
7896004704593
7896004702247
7896112119524
7896004700427
7896004702223
7896112192015
7896112192022
7896004706382
7896004710501
7891317189068
7895296193016
7899547513042
7893454100944
7897595605276
7896181900498
7897595614384
7896004720210
7896004703404
7896004703411
7896004719603
7896004719580
7896004719610
7891317469283
7896004759609
7898148290710
7898148291120
7898148291137
7897076918819
7897076918840
7896004715278
7899547502039
7896422513630
7896004703299
7891721276026
7891317421991
7896714215891
7897076909602
7896004715957
7896112113553
7898148290376
7896112125662
7891317444921
7896004715971
7896714215495
7896004715964
7896004703268
7891317001421
7896004703275
7891317001438
7896004703626
7896004712581
7896006212300
7896112128861
7896112134213
7896004704692
7896112149415
7896004715803
7896004716633
7891317007836
7891317007829
7896004703503
7896004701172
7896004700991
7898148291984
7896004701271
7896004701264
7896112156086
7896112156055
7896112156062
7896112123033
7896004705040
7896004734361
7894916143622
7896112151142
7896112151180
7891721030062
7896004713120
7896004713175
7898148294381
7896676421897
7896004710327
7895296412018
7896004710419
7898148293711
7896006261308
7896112145776
7896422504584
7896112123378
7896331706529
7896331706444
7894913002137
7898158690517
7896472515349
7896523213675
7899785200698
7899095239982
7896472508303
7896331706567
7894913000805
7894913000782
7894913000768
7896331701104
7894913000935
7894913002250
7896004700502
7898133136757
7898133136634
7896331702378
7896714231198
7896714241104
7896523208985
7896523223223
7897947612365
7897947612273
7897947612730
7896006248927
7896112165538
7896004810140
7899470805955
7896331705577
7896331706451
7894913000522
7894913002090
7894913002069
7894913002076
7898168001303
7896006214212
7896006234067
7896523216454
7899095255241
7908020500735
7896472514267
7896006213147
7898014565348
7896004714158
7896004801209
7896004701134
7894913002434
7896112194651
7896006245322
7899095220140
7896004715032
7896004715049
7898495607889
7898179710140
7896622304847
7896004708423
7898075314435
7896004702322
7896004702346
7894913000614
7894913001987
7898495608770
7896714267395
7896004726700
7896006214915
3338
7898158695833
7898961206615
7896874700909
7898100243808
7898100242948
7898100242955
7899620911840
7896004702735
7896004702742
7896714266695
7898075310383
7894913000430
7896112164678
7896112101314
7896004755502
7896006216568
7898133134753
7897947615397
7897947615403
7897947604384
7896331706413
7899620910645
7896523217048
7897947614338
7897947612891
7896006203186
7894913002014
7898133137969
7899470802275
7899470802268
7896004704531
7898495605533
7898205138863
7897947613898
7894913000911
7896472516377
7896004803463
7896004803456
7896004721583
7896004757933
7899470805641
7896714222424
7896714230207
7896714214566
7896714283005
7896714230023
7894913000478
7899785200650
7896331706260
7894913001697
7896523224435
7896006277408
7898902180530
7898075316415
7896714269924
7894913002113
7898495603959
7898495605809
7898495609036
7896006212287
7896331700459
7896112180616
7899785200858
7897947614772
7899785200841
7899785200834
7894913000447
7894913000454
7896714200743
7896004715247
7896004720838
7896004715230
7899095221383
7896202501185
7896331706833
7896331707014
7896331703924
7898961206509
7899470800882
7899095254961
7896004739878
7898277713319
7893454100142
7896331705874
7896321016034
7894913001666
7893454100678
7898168001259
7897747200953
7898277713197
7896006228547
7896862970031
7899095201378
7896331700671
7898133137471
7899470805221
7896006201007
7899785201022
7898133135606
7899470800240
7898133136481
7899470800325
7898495608381
7899640806362
7898096577673
7898096577697
7898014560817
7898168009224
7893736014655
7896004754826
7896331702545
7896331702583
7896523207667
7896523207681
7898495603843
7898158693112
7898158693129
7898158692528
7896472502769
7896472503261
7896472513307
7896472502776
7896004714837
7896004728605
7896004723280
7896112156482
7896523206295
7896004810188
7896658024887
7896112143246
7896862926014
7896862910013
7896862940027
7896714210018
7898158694379
7896094908529
7898158691170
7898179710065
7896714214764
7896004727806
7896004812168
7896006202226
7896004726427
7896006268666
7896112127659
7896523207407
7896331702958
7896862960049
7896622302805
7896622301853
7896622300443
7896622301822
7896622301884
7896622301006
7896622300993
7896331702828
7896026130004
7896331705379
7898133139246
7898133139277
7896004812281
7896714230429
7896714219301
7896112160298
7896862940140
7898133134760
7896004727158
7898133130281
7896004817590
7896472502745
7895296323017
7896004723341
7898133134715
7896112140863
7896112141662
7898075311854
7896714273006
7896714230054
7896714230504
7899470804590
7898133130403
7898133131028
7896472513208
7896472504213
7896112123675
7896006272724
7896714227290
7896714221083
7896714214573
7896714270029
7896714231143
7896714225296
7896714236247
7896714236223
7899785200643
7896006266006
7898133133770
7896372500476
7896004712642
7896006203209
7896714215037
7898158691576
7899095221338
7898100241897
7896331704037
7896331702453
7896112150909
7898133135163
7896331701036
7896637026291
7896004729626
7896714200835
7896714218267
7899095220294
7898133130410
7896112141396
7898133131035
7898158693556
7896112147640
7899095201972
7899095201934
7899095205062
7896004705378
7896004705385
7896004705408
7899095200456
7896004714608
7896112410249
7896714209944
7896472513321
7896472513314
7896112141693
7896112148852
7899095203273
7894916509299
7896004710549
7896004710532
7896004743400
7898133131646
7898060138084
7896004732510
7896004706528
7896004706559
7896004706573
7896004706764
7896112143598
7896523216461
7896523216478
7896523206806
7896523216447
7896523206691
7896523206110
7896004726199
7896004722382
7896112141761
7896637024358
7896637024365
7896523210858
7894916508506
7894916508513
7896714203737
7896714200699
7896714200705
7896472502110
7897473204270
7896004712734
7898096577291
7896112140306
7896523206707
7896523206714
7898158691446
7896523202686
7896004724157
7896006271543
7896006240723
7896006230052
7896004714295
7896004704135
7896112143512
7896112144892
7896004713649
7896714203768
7896112127765
7899095200524
7899095200531
7896006257752
7896714203515
7896714203492
7896472502394
7896006290629
7898075310376
7898168007145
7896862910648
7896006248279
7896006248316
7896714219318
7896714226033
7896112140931
7896112139942
7896004728957
7896004705682
7896004739625
7896714212821
7896714221359
7896523202204
7896523202525
7896472502936
7898505091370
7896714218700
7896523202600
7896006271703
7898158692139
7896714200064
7896714200125
7896714201108
7896714280196
7896714213446
7896714200361
7896714270036
7896714200217
7896862910747
7896004738727
7896331701531
7896004714196
7898505090304
7899095205420
7893454212012
7896226103020
7896523211572
7896004707846
7896004818993
7896112148685
7896523206646
7898505090953
7896331800425
7896331706666
7896714200750
7896714200736
7896004703954
7896004734026
7897595632302
7898060138220
7898060138237
7897460400333
7896004726694
7896004728704
7896226102351
7896006234517
7896006234548
7896006234524
7896006219095
7896714234212
7896714200804
7896004726502
7898096577406
7898096577611
7897446000458
7898133137242
7898158693693
7896714239712
7896714217185
7896112125037
7899620910058
7896112196846
7896112189121
7896862910365
7898049795406
7896112140528
7896112128915
7899420506635
7899420506642
7896180300152
7896004709178
7896004709161
7896714266886
7898133131059
7896006260905
7899640803828
7896006290537
7896006290520
7896714220017