7506306244184;8,72;43,60
4015630982264;42,32;42,32
7898031311300;3,16;9,48
7896902209749;3,79;11,37
7898031310969;1,87;13,09
7898031313533;2,14;6,42
7891158102950;18,77;18,77
7891721026546;45,36;45,36
7891721026478;46,49;46,49
7896658028083;25,77;51,54
7891058020095;22,78;22,78
7891721024986;42,71;42,71
7891721025105;54,50;54,50
7896658014321;16,07;32,14
7896658026195;28,55;28,55
7897572006324;25,11;25,11
7896658021688;44,88;44,88
7891106911337;23,53;47,06
7896658027802;24,16;24,16
7896658028311;25,52;25,52
7896658028328;36,46;36,46
7896658028366;20,66;20,66
7896658029707;54,17;54,17
7896658023361;14,74;14,74
7896658032561;58,30;58,30
7896658022210;65,26;65,26
7898126050091;1,29;45,15
7896548199435;34,07;68,14
7897316806388;48,75;48,75
7897316806371;32,67;32,67
7898920081901;18,00;72,00
7891106912754;8,22;8,22
7622300867119;1,51;1,51
7896423424140;0,68;0,68
7891150054462;5,64;11,28
7899824400928;26,39;26,39
7895858017149;24,12;24,12
7896637028479;24,19;48,38
7896658021725;25,62;25,62
7891106909495;57,67;57,67
7891106912785;18,57;18,57
7891106912808;32,79;32,79
7891106912792;34,72;34,72
7891106909457;24,36;24,36
7896026171182;13,20;26,40
7891106912167;11,41;11,41
7891106910248;34,32;34,32
7898586631380;10,68;10,68
7891106908498;70,04;70,04
7898031310952;2,27;27,24
7896112401025;51,26;51,26
7896112400608;32,82;32,82
7896181918943;83,62;83,62
7891142201638;14,73;44,19
7896181927655;4,97;4,97
7896026307154;31,39;31,39
7896026307161;40,83;40,83
7897322709789;39,68;79,36
7898495609739;21,07;21,07
7898495608732;50,04;400,32
7908020500735;8,64;25,92
7898495608145;64,61;64,61
7908020500216;57,99;57,99
7897947614673;10,70;53,50
7897947606517;9,59;19,18
7897947612341;8,56;8,56
7897947613591;17,18;17,18
7897947605053;10,21;10,21
7897947614338;10,21;10,21
7896523213989;1,19;30,94
7897947611221;10,00;30,00
7897947614222;5,39;26,95
7899785201008;30,00;30,00
7896523214658;4,48;13,44
7897947604582;4,40;8,80
7896523210728;4,49;4,49
7897947613201;10,26;20,52
7896523216119;10,64;42,56
7899785201039;3,99;3,99
7897947612365;8,21;8,21
7897947612730;9,99;9,99
7896523212920;1,50;10,50
7897947611153;5,88;5,88
7897947615212;2,80;39,21
7897947614628;5,50;16,50
7897947614611;5,50;11,00
7897947614635;5,50;11,00
7896523215273;5,34;53,40
7897947614314;57,90;57,90
7897947614307;57,90;115,80
7897947613584;40,94;40,94
7897947612976;28,00;28,00
7897947605503;17,90;17,90
7896342412471;48,56;48,56
7896676427745;37,14;37,14
7896676432602;45,77;45,77
7891025112501;14,14;14,14
7893454100142;4,95;4,95
7891010795542;13,08;13,08
7897322709826;17,33;17,33
7891058020286;29,97;29,97
7896641810336;4,25;114,80
7898956544357;28,28;28,28
7896382705342;39,22;39,22
7898949409632;30,85;30,85
7896658026850;21,12;21,12
7896006298311;11,46;11,46
7898296950207;5,00;20,00
7890218233627;5,00;20,00
7899403635857;5,00;65,00
7898148045402;5,00;55,00
7896286614986;0,00;0,14
7897322709727;27,37;27,37
7896004716299;5,77;5,77
7898557144291;11,19;22,38
7891317177676;21,40;42,80
7894650012826;19,45;19,45
7891317177645;21,53;21,53
7891106908641;7,79;7,79
7898414852376;45,85;45,85
7896902211780;3,33;36,68
7896094904330;14,30;14,30
7896004756424;11,61;23,22
7899824400478;33,25;33,25
7899640807031;54,64;54,64
7891317124281;44,44;44,44
7891317191658;27,53;27,53
7891317124236;44,44;44,44
7891142202833;15,90;31,80
7891035528576;23,15;23,15
7891317453008;7,84;7,84
7891317137557;22,65;45,30
7896094915060;19,97;19,97
7899640806430;20,84;20,84
7891317490133;51,73;51,73
7891058002862;43,33;43,33
7891317129941;43,47;43,47
7896094208407;28,35;28,35
7891317191672;25,37;25,37
7897337713382;24,88;24,88
7899640806102;65,10;65,10
7891317481636;13,00;26,00
7891317192792;80,57;80,57
7891317124182;37,16;37,16
7891317181611;20,98;41,96
7891317189631;30,88;30,88
7891317000035;16,96;33,92
7891317496388;14,54;29,08
7891317177652;47,25;47,25
7891317465032;45,24;45,24
7896094916227;11,57;69,42
7897322709758;105,50;105,50
7896902210813;3,32;13,29
7898040325169;18,73;18,73
7897337712927;30,67;30,67
7898040322441;28,50;28,50
7898040325282;34,25;34,25
7898040325237;34,26;34,26
7896006208266;18,19;18,19
7896006214946;13,35;26,70
7896004755496;7,91;39,55
7896015517106;3,40;40,74
7899620911512;11,83;11,83
7899620912489;11,99;35,97
7899620912472;7,96;7,96
7899620912663;7,96;15,92
7899620910690;4,60;9,20
7892828001337;30,57;30,57
7892828000019;8,78;8,78
7892828000026;45,17;45,17
7892828001405;15,02;15,02
7897146600255;3,17;6,34
7896094912977;1,89;73,55
7896540789320;64,49;64,49
7896540762576;64,90;64,90
7896007547685;3,79;7,58
7896212425549;23,80;47,60
7899706149198;26,49;26,49
7896029007129;16,02;64,08
7896029089637;16,02;48,06
7898118240134;11,00;22,00
7898118240103;9,18;27,54
7898118240615;2,47;56,81
7898118240042;8,99;26,97
7896676428681;27,81;27,81
7899470802565;4,30;210,70
7896094209718;45,84;91,68
7896094209701;31,17;31,17
7896094209602;84,55;84,55
7896001210097;6,67;20,01
7896115703713;13,24;13,24
7896115704123;13,24;26,48
7896699013970;13,77;13,77
7896699013451;13,77;13,77
7896699023764;6,53;58,77
7896699023788;6,53;45,71
7898959957543;9,00;9,00
7899706126335;19,61;19,61
7897322709710;31,95;31,95
7897322714462;14,00;28,00
7896221801785;3,66;10,98
7896422513883;43,36;43,36
7898414852581;35,41;35,41
7896422513265;42,43;42,43
7891721026959;31,74;31,74
7897337712590;12,53;12,53
7897337712576;16,87;33,74
7891721028113;25,42;76,26
7891721028441;4,01;16,04
7899640807147;11,42;11,42
7899640807178;12,67;12,67
7895858016814;20,89;20,89
7899824400072;42,41;42,41
7896658028922;31,89;31,89
7899640807192;26,58;26,58
7899824400065;22,50;22,50
7899824400737;41,19;41,19
7899824400386;67,38;67,38
7898040325206;19,99;19,99
7896112416418;9,43;9,43
7899640806980;26,10;26,10
7896637023238;25,85;25,85
7896094915732;19,97;19,97
7896548199855;71,27;71,27
7899824400782;36,10;36,10
7899640800117;41,66;41,66
7891142115126;23,35;23,35
7899640804696;11,73;11,73
7899640804160;10,83;10,83
7899824400409;13,71;13,71
7899824400690;35,40;35,40
7899824400171;65,07;65,07
7899640804139;10,58;10,58
7895858015824;13,30;13,30
7896112453154;34,93;34,93
7899824400935;52,41;52,41
7898956544111;56,58;56,58
7896094209695;30,91;30,91
7899824400201;25,24;25,24
7899824400676;63,69;63,69
7891106912761;10,41;10,41
7896317911640;18,18;18,18
7898027121593;8,90;8,90
7898133134456;3,69;25,83
7896714273730;21,70;21,70
7896714234410;8,22;8,22
7891000097649;30,85;30,85
7896436906374;76,54;76,54
7896009728013;4,40;4,40
7896067203460;8,76;17,52
7898216369690;8,74;34,96
7898118240097;9,18;27,54
78911222;8,08;169,75
7898238650158;1,51;34,84
7898238650820;15,20;15,20
7898238650424;11,53;23,06
7898238650622;3,46;27,70
7898238650745;3,84;38,38
7891035911736;8,07;8,07
7891035650123;18,61;18,61
7891058021900;14,86;14,86
7896083410552;74,68;74,68
7891010245146;22,84;22,84
7891106912747;15,45;15,45
7891142201676;4,87;48,70
7891058003579;9,96;9,96
5000456009317;17,18;68,72
7897337709149;62,44;187,32
7899420506185;39,74;39,74
7899420500732;11,72;46,88
7899420501708;48,80;97,60
7899420506666;40,16;40,16
7899420508080;21,09;63,27
7899420503597;88,29;88,29
7896004749013;34,66;34,66
7896641807763;36,20;36,20
7896112194651;2,52;25,20
7898031311836;2,96;5,92
7896006216582;6,00;18,00
7896006213178;7,50;52,50
7896006213161;9,27;37,08
7893353000055;3,55;10,65
7896006213147;8,50;42,50
7896006216353;5,90;29,50
7896006209027;3,80;19,00
7896006248927;4,50;135,00
7896006213017;20,04;20,04
7896006212287;7,90;47,40
7896006212379;14,91;14,91
7896006290285;4,75;19,00
7896006216315;17,80;17,80
7896006205883;2,90;5,80
7898031311034;1,27;5,08
7891045031257;32,93;65,86
7892953003527;36,19;36,19
7897460401422;39,96;39,96
7896004701134;6,75;27,00
7896006249474;1,01;3,03
7896006290162;7,94;31,76
7898133130403;0,50;17,00
7899095233805;4,62;9,24
7896016805608;29,83;29,83
4015630018277;14,01;28,02
7897595901309;9,82;9,82
7896181901037;25,16;25,16
7891045040679;40,15;80,30
7896006261308;7,06;21,18
7896070601826;20,20;20,20
7898040322120;26,46;26,46
7896181909088;14,44;14,44
7896714212081;2,03;4,06
7891721277436;4,91;14,73
7896181901747;17,88;17,88
7896181907077;4,06;8,12
7896658008764;11,54;11,54
7897595901316;10,02;30,06
7896676410228;26,62;53,24
7896676406122;25,24;50,48
7896523207629;4,30;12,90
7891268106596;37,02;37,02
7896070600881;5,37;32,22
7896070601703;34,00;34,00
7895296232081;7,71;38,55
7891268100228;35,71;35,71
7894916503754;22,30;89,20
7896112114185;1,72;5,16
7896094202030;23,82;23,82
7897322706658;15,45;30,90
7896685300497;37,16;37,16
7896112435778;46,72;93,44
7894916500579;25,20;25,20
7894916502641;40,67;40,67
7898947385730;17,47;52,41
7896658009518;18,45;18,45
7893454103914;5,72;17,16
7896181914280;5,72;17,16
7894916503358;17,15;17,15
7896658008788;12,28;12,28
7897595901323;11,37;22,74
7896622304298;19,50;19,50
7896255700276;27,19;27,19
7897595903365;13,16;13,16
7894916500593;34,40;34,40
7896004759739;12,11;48,44
7891800365658;3,64;21,84
8715200813061;17,69;17,69
7896512900050;3,40;3,40
7896902211421;4,68;4,68
7896331703191;7,48;14,96
7896181901631;18,60;18,60
7891721002038;55,17;55,17
7896112158363;4,89;102,69
7896006201014;13,24;39,72
7896112141655;7,52;150,40
7896026300247;5,44;16,32
7891150017344;5,59;11,18
7898179710065;0,90;57,57
7896004703954;5,13;30,78
7894916144261;14,34;14,34
7894916510554;40,55;40,55
7891010964641;6,92;27,68
7896331703832;14,56;43,68
7896331705140;13,24;26,48
7898079002970;2,49;12,45
7898079000310;2,49;9,96
7898079003021;2,05;14,35
7896222720009;5,86;46,88
7896112126478;4,38;43,80
7896902218567;2,77;8,32
7896641808982;65,41;65,41
7896226108575;18,67;18,67
7891317007508;16,82;16,82
7891317007454;17,19;17,19
7896261000797;13,74;27,48
7896255766081;15,01;15,01
7898941190453;4,09;8,18
7896112151180;129,90;649,50
7891010560737;2,82;16,92
7898949409557;6,27;6,27
7791293032498;5,59;5,59
7896112181002;8,25;24,75
7896004733241;4,19;25,14
7896641804434;1,91;36,21
7896006291732;4,40;17,60
7898905111357;1,99;1,99
7898466609775;8,00;32,00
7897930750050;23,40;23,40
7896112141662;27,86;83,58
7899072301206;1,00;8,00
7896006247746;4,20;8,40
7891010946982;24,68;24,68
4005808890590;16,71;16,71
7891010792077;3,66;18,30
7891010040031;3,13;18,78
7896111927038;2,04;12,26
7896111942833;2,04;10,22
7891317136468;25,97;25,97
7896874720013;10,05;50,25
7891010808037;2,80;14,00
7898031310198;1,68;8,40
7896523202600;1,34;8,04
7891000003404;14,70;14,70
7896075701040;0,72;10,76
7891037169258;9,00;18,00
7898414851553;19,44;19,44
7898133135163;6,21;18,63
7896083403028;24,90;74,70
7896222717962;9,16;27,48
7891010504700;11,49;34,47
7898414851577;15,41;15,41
7891317489595;24,20;24,20
7896026304917;12,65;25,30
7891045008204;25,02;25,02
7896422507561;16,71;50,14
7891045006743;23,66;47,32
7896658005053;4,82;14,45
7896422533898;23,12;23,12
7898495603799;6,47;6,47
7899095220928;3,12;24,96
7896181913542;20,49;40,98
7896112123170;10,26;71,82
7896004718859;2,66;15,96
7899547508086;9,17;9,17
7894916145350;35,73;35,73
7897316805596;101,68;101,68
7899547502565;2,80;2,80
7898146826768;48,66;48,66
7896637024358;30,96;30,96
7897572000957;27,10;27,10
7896658018862;46,14;46,14
7896658018879;25,72;25,72
7897316805671;27,79;27,79
7896548114124;8,57;17,14
7896004713724;4,23;4,23
7899095255241;5,49;10,98
7898060132563;3,78;3,78
7894916146876;11,05;33,15
7895858011857;33,41;33,41
7896255765466;28,73;28,73
7896523206868;1,47;39,69
7500435109208;4,14;41,44
7896523208763;1,02;11,22
7896029006719;13,65;13,65
7896029075685;13,65;54,60
7896029006948;13,65;54,60
7896029007112;15,25;61,00
7896029069196;13,38;26,76
7898224823078;14,14;84,84
7898224823009;13,21;39,63
7898224823214;9,42;37,68
7898224825003;14,21;85,26
7898224823511;7,79;46,74
7891150051607;13,70;27,40
7891150051614;13,70;13,70
7896342452552;20,66;41,32
7898118240059;0,16;9,12
7897609902476;0,23;13,77
7896699018647;4,07;12,21
7702018001071;14,66;29,32
7702018037803;16,12;16,12
7896033243117;11,32;22,64
7896658010057;8,32;16,64
7896658025129;36,72;36,72
7896004705040;15,21;60,84
7897595900685;11,42;11,42
7891721044137;29,86;29,86
7891721238253;7,10;21,30
7896004709239;8,71;8,71
7896004718873;5,83;34,98
7896676412208;36,18;36,18
7896004715537;8,65;8,65
7896004715599;7,21;14,42
7891106001755;51,81;51,81
7896006290766;10,69;10,69
7896261000711;5,96;11,92
7897572000933;49,55;49,55
7898238650844;14,43;14,43
7898238650837;14,44;14,44
7896658021640;25,23;25,23
7894916508490;38,43;38,43
7896006290667;27,41;54,82
7891200011681;1,24;14,89
7896070605497;49,89;49,89
7896523206288;4,39;8,78
7896013502906;5,20;20,80
7891800000955;2,58;5,16
7891800000665;1,74;15,68
7896342453269;18,05;90,25
7896523224459;0,79;18,26
7896714273549;3,36;33,65
7899640808106;25,81;51,62
7895296275019;2,77;24,93
7896641806056;7,08;99,06
7891058002916;3,99;207,71
7891058019839;4,37;34,98
7891058002961;20,58;61,74
7898096577031;20,49;20,49
7891317001964;25,81;25,81
7896641804465;2,12;12,74
7896006234548;7,91;150,29
7898495608381;2,96;97,68
5413787041794;35,31;35,31
7897947612754;3,30;16,50
78921856;0,19;5,01
7896006246541;2,08;10,40
7896004718453;3,14;12,56
7896658033094;14,78;29,56
7896181928683;2,83;31,13
7896523202525;2,99;23,92
7896004749037;19,61;19,61
7899095201972;1,96;17,64
7896331705812;0,94;30,13
7896094903289;1,80;9,00
7898941190057;1,97;11,82
7898941190071;1,97;5,91
7898941190040;1,97;5,91
7898941190019;1,97;7,88
7891010922788;3,65;29,20
7891172171666;0,72;21,72
7896672201493;42,60;42,60
7896112452461;23,56;23,56
7891317412555;11,25;22,50
7896004712031;3,10;9,30
7898060131788;9,70;9,70
7896714211312;2,65;2,65
7894916550086;6,92;13,84
7891106005524;21,77;21,77
7896112138358;1,25;6,25
7897595901798;28,46;28,46
7896070601543;7,05;14,10
7896004710433;9,27;27,81
7896004720449;5,40;27,00
7896112478256;77,44;77,44
7891317432386;23,80;23,80
7896004730165;7,23;7,23
7894916550048;5,32;5,32
7894916206853;13,10;13,10
7891317452995;4,26;4,26
7896004706429;13,89;13,89
7896004720784;3,96;11,88
7896004710884;7,18;14,36
7896004711423;11,84;11,84
7899547514636;7,06;21,18
7896026130004;9,17;9,17
7896269900068;12,15;24,30
7896082900269;10,13;10,13
7896015519773;16,58;16,58
7896015518639;16,58;16,58
7898224822019;91,99;183,98
7898224824167;45,71;91,42
7897337714471;74,14;148,28
7896020160052;4,67;18,69
7896512904089;6,36;6,36
7896029019009;1,72;30,96
7896029022269;1,72;30,96
7896029018958;1,72;22,36
7896029022252;1,72;29,24
7896029015001;1,72;25,80
7896029022245;1,72;20,64
7896006207269;4,45;13,35
7896004716282;4,20;8,40
7896181906612;9,89;49,45
7898126407611;29,57;29,57
7898126400988;21,46;42,92
7896023705557;2,55;5,10
7896094910904;2,66;23,95
7896806700021;2,47;27,22
78913790;4,13;12,39
7896902210608;1,00;8,01
7896279104135;5,50;16,50
7896004700571;7,83;15,66
7891317172664;22,78;22,78
7896902231313;1,27;2,54
7896902211247;3,19;19,14
7896902208469;1,62;6,49
7891010581800;9,12;27,36
7894650079423;7,47;14,94
7894650079027;8,10;16,20
7896650602236;1,48;5,92
7899706145510;12,64;12,64
7896279110037;6,00;12,00
7896279102650;6,00;6,00
8412300813006;17,69;17,69
7891010501105;7,05;7,05
353885801003;31,21;62,42
7898039563732;9,41;84,69
7896658007941;0,16;1,14
7897129302756;31,39;31,39
7897595901033;8,54;8,54
7899095200296;6,80;20,40
7896070601871;19,88;19,88
7896004716145;4,59;13,77
7896070601710;24,62;24,62
7899095200500;0,72;4,32
7895296211215;1,21;14,52
7897076909312;5,72;17,16
7899095201378;16,89;50,67
7894916140683;21,52;86,08
7896004708607;14,21;28,42
7891268100204;25,88;25,88
7896004709055;5,96;17,88
7894916503761;33,83;33,83
7896004705842;8,65;8,65
7896004700564;3,39;27,12
7896685300473;39,92;39,92
7896226500379;14,92;14,92
7896026120425;23,42;23,42
7898158690395;14,25;85,50
7896004704531;21,91;131,46
7898158690401;14,25;57,00
7896523208022;6,59;32,95
7896317907414;33,05;66,10
7896004709123;9,13;9,13
7896112427735;83,74;83,74
7891317451400;46,75;46,75
7896004713892;11,15;44,60
7894916143035;13,38;40,14
7896422505697;11,47;22,94
7898495603263;3,74;14,96
7898031310303;1,27;11,43
7896222720535;16,22;16,22
7896006204657;4,45;8,90
7896004728490;9,95;29,85
7896004727226;4,43;17,72
7899785200988;13,50;13,50
7896902210646;1,00;1,00
7896902210561;0,79;13,43
7896902212152;1,18;34,22
7896685302880;40,96;40,96
7891035621321;9,33;18,66
7896094917385;33,83;33,83
7896279114103;6,00;6,00
7898133130229;2,61;5,22
7899470800882;9,03;18,06
4005808539680;17,69;17,69
7896279112871;5,50;16,50
7891035618338;17,16;34,32
7891035618345;17,16;17,16
7891035618352;17,90;35,80
78902312;9,14;9,14
7898031310525;2,30;13,80
7896230304550;1,58;4,74
7896112166221;5,05;10,10
7896004722122;6,17;6,17
7897337707336;47,69;47,69
7896523210247;8,69;43,45
7896862960087;14,04;70,20
7896658033056;14,79;14,79
7896523214641;3,98;3,98
7896112100041;21,33;21,33
7891058021948;9,73;9,73
7896523225265;0,70;28,14
7896523212203;1,55;9,30
7898259490825;0,33;9,24
7896714201177;1,59;1,59
7891010952952;8,49;16,98
7896004729428;17,58;17,58
7896004743646;10,57;21,14
7896422508032;61,53;61,53
7896004727899;4,48;22,40
7891106906012;14,23;14,23
7896181900351;16,69;16,69
7896523210759;2,38;16,66
7891317455040;15,17;15,17
7898029550247;52,45;52,45
7896548112229;11,68;11,68
7896523209364;4,78;28,68
7891024036433;12,36;12,36
7891024124628;12,36;24,72
7896255700283;25,74;25,74
7896658008849;17,56;17,56
7897595903372;16,75;16,75
7896017710154;8,46;25,37
7894650001820;13,97;27,94
7896093013507;7,75;77,50
7896658011276;22,40;22,40
7898495607889;2,71;5,42
7896004756417;5,83;23,32
3789465001351;7,59;7,59
7898959957215;6,42;25,68
7891035912818;8,71;8,71
7891800386776;6,36;12,72
7891010101688;10,48;20,96
7891035912405;8,32;8,32
7891035912207;12,96;12,96
7896523216454;3,62;7,24
7896658005459;11,53;11,53
7896004706375;7,74;15,48
7891058006259;54,30;54,30
7896902206717;4,00;39,98
7896523220291;9,13;73,04
7895858015688;8,37;8,37
7898956544081;32,88;32,88
7891010244354;30,46;30,46
7891010096441;37,62;75,24
7896714207049;3,39;3,39
7896699025591;4,08;44,88
7897076910950;12,98;25,96
7896181909293;24,81;24,81
7896658009532;32,74;32,74
7896004716435;4,15;8,30
7896112129370;5,24;10,48
7897411610750;32,69;32,69
7896714204390;1,95;1,95
7896181914303;12,18;36,54
7896523206714;4,06;8,12
7590002023228;15,13;30,26
7896269900075;7,91;7,91
7897947612266;6,59;6,59
7899547500257;77,29;77,29
7895858015664;7,48;22,44
7898557141061;8,46;8,46
7896004727363;5,48;27,40
7891010033521;25,09;25,09
7891010026844;30,04;30,04
7891010008147;25,89;25,89
7898430191008;33,96;33,96
7898557141054;8,41;16,82
7896444210630;1,20;45,68
7896444210623;2,40;9,62
7896658008863;13,28;13,28
7897595901446;13,03;13,03
7896004708683;5,43;59,73
7896112400134;23,39;23,39
7898096577857;46,61;46,61
7891800000672;2,08;14,58
7896523206806;4,27;34,16
7891035912801;12,96;12,96
7896714228389;5,30;15,90
7891134006654;2,59;31,04
7891134001819;2,59;25,87
7891134001925;2,59;28,45
7891010033415;17,04;17,04
7891035622205;13,25;13,25
7896523213224;6,93;34,65
7896004702247;4,97;19,88
7891800000689;2,41;26,51
7896444211880;3,21;9,63
7898224823061;64,22;64,22
7898224823047;81,36;81,36
7896007540266;3,13;3,13
7891010087722;3,65;14,60
7891010618766;3,65;3,65
7891010879884;3,65;10,95
7891010015268;3,65;18,25
7896007541959;3,49;20,94
7896104601617;7,42;74,20
7896026100250;42,04;42,04
7501007499758;3,72;3,72
7894916145596;25,55;25,55
7896641804588;12,24;12,24
7896004710686;7,72;23,16
7896523207643;3,49;10,47
7896714202921;5,39;10,78
7898100240777;1,38;2,76
7896422512145;7,49;7,49
7896261010055;6,21;12,42
7898132980696;16,85;16,85
7898587766029;35,90;35,90
7896112149736;10,14;70,98
7896046714666;5,47;21,88
7896046714703;5,47;21,88
7897947603950;13,76;55,04
7891010588816;11,35;34,05
7896738800011;12,44;24,88
7891350032741;5,35;26,75
7891350032857;5,35;5,35
7896699017473;8,12;24,36
7896699017497;8,12;8,12
7891024161982;4,39;4,39
7891010560812;5,09;10,18
7896023742903;0,18;20,35
7896255716987;29,10;29,10
7896658008887;14,84;14,84
7897595901330;13,98;13,98
7896004817477;9,33;9,33
7891058016616;27,21;27,21
7896658006753;15,57;15,57
7896658005930;21,09;42,18
7896004713625;4,75;61,75
7891317448936;12,22;48,88
7891317448943;11,65;11,65
7891317451752;38,88;38,88
7898495604987;28,79;28,79
7898495604970;26,10;26,10
7898126402876;16,85;16,85
7898126407802;17,52;35,04
7898126407314;17,52;35,04
7899706130936;7,98;7,98
7891010804626;14,40;57,60
7891010588823;11,35;22,70
7891010966898;11,35;22,70
7891010588847;11,35;11,35
4005900547170;7,87;23,61
4005900036667;7,42;22,26
7899706146937;7,98;23,94
7896523208770;1,29;14,19
7891800000979;3,52;14,08
7899095204980;15,11;151,10
7896523211855;2,19;2,19
7891118011971;0,13;7,02
7891035010972;11,71;11,71
7891010695415;3,15;15,75
7896004742571;20,15;20,15
7891317478919;15,35;15,35
7896004745336;24,45;24,45
7896115700392;6,18;12,36
7896115700408;6,18;12,36
7896714241319;11,47;45,88
7894916507936;23,30;23,30
7894650130117;13,56;13,56
7891058021931;33,19;33,19
7896181921325;7,37;7,37
7898956846154;0,01;0,29
7500435125390;7,34;7,34
7500435125406;6,46;12,92
7896658003394;18,58;18,58
7897595901576;18,10;18,10
7500435125321;4,97;9,94
7891118007868;0,40;6,03
7891118007837;0,42;3,33
7896523220352;14,66;58,64
7891010871031;6,42;19,26
7897076910974;19,80;59,40
7891024132371;3,99;19,95
7896245708473;0,10;0,70
7891800346046;2,62;2,62
7891800346022;2,62;5,24
7896316301008;21,35;42,70
7896862970567;7,27;29,08
7896004728605;13,59;13,59
7896004711218;4,55;13,65
7896422518321;26,35;26,35
7896015522506;12,55;25,10
4260085521234;25,95;129,75
7896523210698;2,88;5,76
7896004712048;2,37;2,37
7891317483531;25,77;25,77
7896004703251;5,82;11,64
7891317003227;3,75;22,50
7896004749723;5,04;75,60
7895296393027;6,13;12,26
7896067200186;4,06;8,12
7898372951883;1,69;18,56
7898372951999;1,61;16,12
7702018072392;9,35;28,05
7501009222729;5,61;56,07
47400179240;16,58;16,58
3014260275143;20,72;41,44
7702018118823;2,74;32,89
7891035990489;6,50;13,00
41333014630;4,41;30,84
41333431482;4,84;24,21
7897169200661;1,44;7,18
7896015511159;2,20;28,60
7896015521684;2,05;18,44
7896004737126;22,44;44,88
7891268148299;28,55;28,55
7896004711287;3,40;10,20
7896269900037;3,69;3,69
7896004718897;13,26;39,78
7896006271543;7,50;15,00
7891317436339;23,75;23,75
7895296280204;15,68;47,04
7896004726076;24,63;49,26
7896523206707;2,89;2,89
7891317485801;85,81;85,81
7896714241821;6,45;25,80
7898224827007;20,21;60,63
7898224823375;15,64;62,56
7898224823016;31,85;63,70
7898224822002;28,71;28,71
7896004710860;3,14;12,56
7896112470526;39,70;39,70
7891800365665;6,47;12,94
7894916147743;15,32;15,32
7897947612952;40,00;40,00
7897947612969;40,00;80,00
7896658012402;44,64;44,64
7899640807086;71,71;71,71
7891800000696;3,41;30,72
7899640804672;83,45;83,45
7896112197218;3,09;9,27
7896202501185;1,33;257,94
7896004711485;4,82;4,82
7899095250949;1,79;8,95
7896004708980;3,94;27,58
7896006203094;21,15;21,15
7899095200425;6,10;36,60
7896472514267;13,67;82,02
7896006270072;15,45;15,45
7898049794683;3,79;3,79
7891058021528;4,85;9,70
7896026307277;10,59;21,18
7896902205758;1,86;35,32
7622300862367;1,18;10,62
7891106910712;58,81;58,81
7896004713717;2,47;7,41
5413787037797;44,70;44,70
7896004810140;9,11;36,44
7891058020316;10,47;20,94
7896112114413;3,74;18,70
7896007543915;14,43;14,43
7898168007039;7,75;15,50
7896658004810;37,21;111,63
7896226500416;18,83;18,83
7894916500432;24,76;24,76
7896422512169;9,13;18,26
7891106900591;13,83;13,83
7795320050646;55,01;55,01
7891058263096;26,46;26,46
7891058260071;27,45;27,45
7896422517447;4,44;4,44
7896004708492;6,12;42,84
7896658005145;19,21;19,21
7891268144123;24,05;24,05
7896004708461;3,56;3,56
7899095200135;2,02;22,22
7896714208206;20,18;20,18
7896382703614;78,45;78,45
7896676409673;66,08;66,08
7896004710365;5,65;5,65
7896422515894;18,95;37,90
7894916206860;27,93;27,93
7895296199025;5,99;5,99
7896004749310;9,52;9,52
7896004700540;17,03;17,03
7896006230205;2,90;2,90
7891058061562;21,87;21,87
7896523207780;3,18;12,72
7891317123956;21,67;65,01
7897411611016;49,73;49,73
7896658004360;117,55;117,55
7898126404177;19,32;38,64
7702031416098;10,12;20,24
7891010032241;10,33;20,66
7891010036478;10,33;10,33
7891010655112;10,33;20,66
7896029043394;7,28;7,28
7896714204185;1,73;5,19
7896523201375;5,39;21,56
7891010878016;17,28;51,84
7899026464117;7,64;30,56
7899026464131;5,93;17,79
7896015590970;11,57;11,57
7896015590932;10,12;10,12
7891010917715;13,08;13,08
7891010031350;16,13;32,26
7891010030452;7,35;22,05
7891010601188;7,35;22,05
7891010047184;7,35;22,05
7891010244484;7,35;22,05
7891010980085;9,99;19,98
7891010503260;16,13;32,26
7891010030476;7,35;14,70
7891010506513;17,28;51,84
7891010877613;17,28;34,56
7894650005712;11,89;23,78
7891010913908;24,27;72,81
7891010917814;7,67;23,01
7891010030391;5,88;17,64
7891010244460;5,88;17,64
7891010980061;7,98;15,96
7891010005757;11,00;11,00
7891010030094;7,98;7,98
7891010579289;12,90;12,90
7891010030889;5,88;5,88
7891010521837;33,64;33,64
7891010579265;15,70;15,70
4005808309436;5,09;15,27
4005808817009;12,77;12,77
4005808555345;29,08;29,08
7896115700361;5,31;15,93
7501001133627;10,79;21,58
7506309865393;10,79;21,58
7501001133634;10,79;21,58
7500435118576;7,37;7,37
7891150058972;6,31;18,93
7891150055643;7,01;7,01
7891150044173;5,59;5,59
7891150054479;5,24;10,48
7891150017375;6,77;13,54
7891150036390;6,91;6,91
7891150025936;5,79;11,58
7891150025981;10,81;10,81
7891150017351;5,64;11,28
7891150025929;5,79;5,79
7891150055698;10,98;21,96
7891010805968;5,88;11,76
7896212469468;1,88;60,03
7896714214566;1,44;34,49
7896269900150;14,17;28,34
7896658003479;21,34;21,34
7896004709499;5,95;11,90
7896004707198;6,31;18,93
7896714213309;7,20;14,40
7896006281788;1,50;3,00
7899095200456;7,22;21,66
7891721023477;17,93;17,93
7898158692238;18,89;75,56
7896261005198;47,65;142,95
7891317125455;43,83;87,66
7896004708706;9,50;9,50
7896422503129;26,53;53,06
7897947604384;10,41;353,94
7891045040501;1,98;89,05
7896181927068;44,34;133,02
7898495609487;41,89;83,78
7891150008168;10,10;10,10
7891010916930;11,00;11,00
7897799800118;5,22;5,22
7899026464254;7,64;7,64
7899706114677;7,64;7,64
7899026464278;5,93;5,93
7899706114639;5,93;17,79
7898636191000;11,59;23,18
7891010655129;11,47;11,47
7891010245450;19,26;19,26
7891010935979;9,00;18,00
7891010657505;10,27;10,27
7891010042950;11,00;11,00
7891010096496;29,14;29,14
4005808310999;7,23;14,46
4005808335435;32,83;131,32
4005808540143;11,27;11,27
4005808817207;13,31;13,31
4005808555307;24,39;24,39
7898919412358;4,00;8,00
7891150026001;13,25;13,25
7891150044197;5,24;5,24
7891150044487;11,61;11,61
7891150044562;6,66;6,66
7891150044555;5,79;17,37
7891150044203;4,64;4,64
7891150008151;10,06;10,06
7891150055711;10,98;10,98
7891010804589;7,35;22,05
7899547504224;3,70;3,70
7893454101019;34,28;34,28
7898133136535;2,49;27,39
7896714210018;5,62;33,72
7897900315678;0,84;0,84
7897947615250;12,17;24,34
7897947607392;4,94;24,70
7898292886371;0,89;0,89
7896150005032;3,42;17,07
7622300862282;1,18;2,36
7891058021955;17,35;17,35
7899706124829;25,18;25,18
7898259490979;0,47;8,93
7897947611979;7,99;7,99
7896004731629;66,01;132,02
7896004729435;13,04;13,04
7896004742069;34,32;34,32
5702191007985;42,85;42,85
7891317489533;56,56;56,56
7896206425869;42,64;42,64
7898907401197;55,01;165,03
7896523210773;3,56;7,12
7896658015427;62,09;124,18
7897595630605;14,44;43,32
7896004707846;7,04;28,16
7896714203737;5,09;40,72
7894916503792;15,06;15,06
7891000251263;2,93;11,73
7896020154471;4,86;9,72
7896020161035;5,52;5,52
7891317465049;19,03;19,03
7896015519636;10,41;20,82
7896699025355;6,68;13,36
7896699025379;6,68;6,68
7891331010508;1,00;12,00
7891331010485;1,00;17,00
7891331010522;1,00;12,00
7891331008178;1,00;13,00
7891331001094;1,12;2,24
7891350031638;2,87;5,73
7891025104742;3,56;3,56
7891058022136;8,96;44,80
7891268117011;20,91;20,91
7891268117004;21,79;21,79
7891800588262;10,83;21,66
7891010046927;17,87;35,74
7891317478964;20,75;20,75
7896699017336;8,94;26,82
7896699020480;21,87;21,87
7896699020503;21,87;21,87
7898472870046;1,72;5,16
7898472870053;1,72;5,16
7896112128762;8,16;16,32
7891800002812;1,48;28,13
7898956846307;0,01;0,20
7800005081027;6,69;13,38
7800005081225;6,69;20,07
7896001250611;7,56;30,24
4015630981960;42,97;42,97
353885160254;43,08;43,08
7896444211187;2,99;11,96
7891010244842;8,01;16,02
7891010694975;9,44;132,16
7891010702137;8,01;8,01
353885490252;13,39;26,78
7891317000288;15,37;30,74
7894916503037;19,50;19,50
7896112148685;5,34;21,36
7897076910905;4,05;8,10
7897076912275;10,18;20,36
7896004704326;8,76;17,52
7896181920397;24,92;24,92
7896004706368;13,05;26,10
7896658005893;15,26;15,26
7896181916062;13,50;27,00
7898126407796;16,40;32,80
7898126400087;16,40;49,20
7898126400346;18,20;18,20
7898126400728;16,40;32,80
7891800002027;8,93;26,80
7898126400247;18,20;54,60
7898126400254;18,20;54,60
7898126404207;19,32;38,64
7898126404160;19,32;38,64
7898126400117;21,91;43,82
7898126400353;18,20;36,40
7891024136300;7,59;15,18
7891024136096;7,59;15,18
7891024028117;6,81;13,62
7891024115107;6,81;6,81
7891024114674;6,81;6,81
7896026155168;16,20;16,20
7896026100229;23,06;23,06
7896026170482;23,91;23,91
7891010973902;7,78;70,02
7899706114714;6,98;20,94
7898587762878;6,98;6,98
7896685302743;17,62;17,62
7891024136409;7,59;7,59
7896699023610;10,33;10,33
7896699023634;10,33;10,33
7896699023603;10,33;10,33
7898148294381;2,70;2,70
7891317007898;15,51;46,53
7896006212300;7,92;7,92
7891317001568;7,62;7,62
7894916500289;43,76;43,76
7891268129915;11,93;11,93
7896675900560;1,74;5,22
7898132980825;16,40;32,80
7898126407581;24,38;24,38
7896112102519;2,56;2,56
7898126407772;18,20;36,40
7898126407789;18,20;18,20
7898132980764;18,20;18,20
7898132980726;18,20;18,20
7891024028780;8,43;8,43
7891024030806;7,59;15,18
7891024033425;22,76;45,52
7891024179925;20,30;20,30
7891024114216;6,81;13,62
7891024115848;7,45;7,45
7891268400229;9,32;27,96
7891010959296;9,90;29,70
7702035833792;9,32;37,28
7891150060159;3,82;11,46
7891150060180;3,82;11,46
7891150060166;3,82;11,46
7891150029293;5,23;5,23
7891150060203;3,82;3,82
7891150029309;5,23;5,23
7891024027851;6,81;13,62
7891150013919;5,23;5,23
7896699023627;10,33;10,33
810812005649;0,67;5,39
7898959867279;0,90;20,70
7896206407308;11,06;22,12
7896862918583;0,60;4,80
7891010938840;8,01;8,01
7898909174884;0,25;7,75
7896004731414;15,40;15,40
7898168000481;12,35;12,35
7895858005955;17,91;17,91
7896181916222;11,53;11,53
7896255766111;40,99;40,99
7898994097952;0,46;3,21
7896472502264;12,23;171,22
7891317160920;8,08;24,24
7899095220393;4,30;21,50
7898118240110;9,18;27,54
7898118240325;9,18;27,54
7898118240011;8,99;35,96
78930223;1,36;13,58
78938823;0,29;5,99
7891150054493;4,95;4,95
7895296240093;3,08;3,08
7898505092032;14,69;29,38
7896090611508;6,40;6,40
7896523210926;4,55;27,30
7897572000810;31,64;31,64
7893138000027;1,20;8,43
7893138000065;1,20;3,61
7896222720283;4,02;12,06
7898079000136;3,05;21,35
7896007201747;3,46;10,38
7896007201754;3,39;13,56
7898079000501;2,49;9,96
7896222720054;5,96;53,64
7898079000518;2,49;27,39
7898079000129;4,24;55,12
7896222720306;5,86;5,86
7898079000303;2,49;4,98
7896007200382;3,31;6,62
7893138000072;1,34;2,68
7896222720030;4,02;36,18
7896222720078;3,08;9,24
7893138000157;2,40;36,02
7893138010033;1,20;33,72
7896222717931;4,39;17,56
7896222716279;3,66;40,26
7896222718334;5,60;16,80
7893616603009;32,17;160,85
7896222718389;4,79;19,16
7898079000143;25,29;177,03
7896006247319;23,70;426,60
7891317000295;35,04;35,04
7897679601002;14,54;14,54
7896714207056;3,40;3,40
7897316805053;81,77;163,54
7898945030427;20,27;20,27
7898945030014;20,27;40,54
7896006290520;19,77;39,54
7895296092326;1,68;5,04
1789618600055;0,04;0,64
7896180300541;21,86;21,86
7896180300527;26,49;52,98
7896676432824;24,59;49,18
7891058021696;57,37;114,74
7896658024191;99,94;199,88
7898049792979;5,20;26,00
7896206407384;22,20;22,20
7896523219349;15,50;108,50
7896523215952;5,96;29,80
7896523215235;2,49;42,33
7899551303868;38,43;38,43
7891317001322;20,70;41,40
7898414852734;28,85;28,85
7896714273525;9,81;9,81
7896206407445;38,50;38,50
5000456009492;34,52;34,52
5000456009676;54,27;54,27
7891721027017;36,17;72,34
7891721025334;10,17;10,17
7895296240031;6,37;12,74
7896641809149;67,81;67,81
7896004747057;34,56;34,56
7891317448653;12,73;38,19
7891317456559;11,56;11,56
7891317448677;12,71;25,42
7894916146050;13,54;27,08
7891721027406;5,48;5,48
8902220114876;20,77;62,31
7899824401048;55,56;55,56
7897851259977;27,21;27,21
7896004711454;5,25;15,75
7891317478810;8,68;17,36
7896004728834;7,03;14,06
7894916142847;45,23;90,46
7896862910747;4,47;17,88
7898133136450;6,55;6,55
7896714201146;24,79;24,79
7896714203768;16,57;33,14
7896714200125;17,26;34,52
7895296033138;7,78;15,56
7898216369980;5,65;11,30
7896112126485;2,35;7,05
7897595900029;12,98;25,96
7896094206410;47,64;47,64
7896422528719;31,35;31,35
7898075317764;2,21;13,26
7898582380794;38,76;38,76
7892953003558;78,53;78,53
7898132980856;6,00;18,00
7898126407949;6,73;20,19
7898126407932;6,73;20,19
7898126403439;6,18;12,36
78905108;6,53;13,06
7898158691576;6,73;13,46
7896523210797;4,17;37,53
7898949409625;17,85;17,85
7896004704395;6,79;13,58
7896714230085;18,93;113,58
7896251801540;32,38;32,38
7898118240271;5,69;17,07
7896714230023;6,19;37,14
7898048692652;2,84;2,84
7898031313335;5,32;31,92
7898259490627;0,28;4,48
78909830;0,16;13,59
78909762;0,16;9,91
7896226102955;57,90;57,90
7896241270363;23,15;23,15
7896241256077;23,44;23,44
7896004708768;6,51;39,06
7896004708881;4,88;4,88
7894916142120;8,93;17,86
7891142141279;27,79;27,79
7896422508957;8,33;8,33
7896714205861;3,42;3,42
7896112143598;14,44;86,64
7896112113577;5,74;22,96
7896070600249;13,15;39,45
7896422515122;15,35;15,35
7896241252970;24,65;24,65
7896241252420;22,33;22,33
7891142141293;29,07;29,07
7896422511087;8,25;8,25
7896714207018;4,23;8,46
7896112113560;5,84;17,52
7896006243908;12,50;75,00
7896006212577;18,56;18,56
7896714202891;5,15;10,30
7896004703633;30,41;60,82
7891058016609;19,05;19,05
7896006255000;10,82;10,82
7896472503261;2,35;28,20
7896658007286;15,89;15,89
7896112470458;26,79;26,79
7896523207964;2,99;35,88
7896221800016;3,66;10,98
7896221800030;3,66;10,98
7896221803666;3,66;3,66
7896221800153;3,66;3,66
7896051128441;9,89;9,89
7896029041949;9,19;9,19
7893500011286;16,82;33,64
7891106005616;39,23;39,23
7897664169791;4,24;16,97
7896115702037;6,68;13,36
7891037144705;4,89;14,67
7898422745301;4,89;9,78
7891150027541;4,89;9,78
7891037000322;5,75;17,25
7891037010048;5,75;17,25
7891150030756;5,75;17,25
7896033212267;15,23;15,23
7891010047764;8,33;16,66
7896422516945;8,84;17,68
7896004718781;7,90;15,80
8902220106024;25,16;75,48
7891058060336;12,85;12,85
7891008209013;6,79;47,53
7896004720494;15,40;77,00
7899095205291;18,37;110,22
7898040325183;17,64;17,64
7898040325145;17,96;17,96
7898361080259;7,46;7,46
7899026434943;6,98;20,94
7898623950856;9,93;19,86
7891150031746;5,75;17,25
7896033212274;15,23;15,23
7896033212229;21,74;21,74
7896658012341;27,07;27,07
7891721030048;50,80;101,60
7896472515349;16,28;113,96
7896006298298;8,78;52,68
7898126407819;6,18;6,18
7897947611788;2,39;11,94
7896112113584;3,72;7,44
7897076915474;10,88;21,76
7896023701436;13,69;13,69
7896331704983;3,67;7,34
7898027120077;5,90;5,90
7891142115508;31,65;31,65
7897705202500;0,65;54,24
7896658008122;30,60;30,60
7896004732855;18,78;37,56
7894916509336;36,43;182,15
7894916509329;51,13;51,13
7894916508377;38,37;38,37
7894916507950;34,37;34,37
7891150042216;3,52;10,56
7891150055636;7,22;14,44
7891150042223;3,52;7,04
7891150042230;3,52;7,04
7891150037397;5,16;25,80
7891150037472;5,16;30,96
7891150042261;2,76;8,28
7891150055629;6,64;26,56
7891150042278;2,76;2,76
7891150042285;2,76;5,52
7891150037519;6,07;18,21
7891150037526;5,16;20,64
7891150037489;7,44;22,32
7891150037601;6,07;18,21
7891150037618;6,45;19,35
7891150037465;6,45;12,90
7891150037250;6,45;6,45
7891150037342;7,59;15,18
7891150037595;5,16;25,80
7891150037540;6,07;18,21
7891000462300;0,03;0,90
7897705201848;0,71;134,62
7895800304679;0,06;0,06
7895800303313;0,63;4,38
7896699013123;12,59;25,18
7896699013512;12,59;12,59
7896699029520;12,58;12,58
7896699029537;12,58;12,58
7895800300145;0,63;8,13
7896422505727;13,93;27,86
7898214380024;2,50;10,00
7896004709444;11,01;22,02
7898040320027;55,10;110,20
7898040321406;65,36;65,36
7896004728667;44,23;44,23
7891024160923;6,89;13,78
7891024172339;6,89;13,78
7891024158708;5,79;5,79
7891024171639;5,99;17,97
7891024160916;5,99;17,97
7891024158609;4,79;14,37
7891024174135;6,60;39,60
7891024174630;7,93;23,79
7897664171442;4,30;12,91
7895858015671;12,30;12,30
7895858015695;12,08;12,08
7891024174715;6,89;13,78
7891024174210;5,99;17,97
7896046383008;37,99;37,99
7894916509541;119,77;119,77
7896658017247;49,00;49,00
7896317907384;34,37;68,74
7898902180554;18,88;37,76
7896262304351;1,03;1,03
7896262304306;1,03;4,11
7898941911058;18,80;18,80
7898941912123;19,01;19,01
7898956544999;33,04;33,04
7898259495424;0,36;13,68
7896523224428;4,40;44,00
7896222716453;0,27;1,36
7896222717948;0,43;4,28
7896070600201;6,10;12,20
7896004716343;37,55;37,55
7897322710457;5,33;37,33
7896004749730;8,65;86,50
7896714273556;1,42;25,53
7896714214764;1,51;18,06
7897322710464;4,93;113,32
7896273800033;6,25;62,50
7896658003189;10,67;10,67
7891142128546;5,82;11,64
7896269900044;5,56;5,56
7896006240723;13,55;27,10
7891317436322;45,91;45,91
7896004720241;3,59;3,59
7896004701233;3,59;3,59
7891106908801;23,39;23,39
7896658012419;59,91;59,91
7899620910683;7,29;7,29
7891106910163;50,20;50,20
7896009490651;31,74;31,74
7891800341942;4,16;4,16
7891010618773;7,08;42,48
7891106000956;26,39;26,39
7898040320867;16,99;33,98
7896422507202;6,59;13,18
7896676408355;9,44;18,88
7896004708508;15,29;15,29
7896112110576;1,47;4,41
7896004707341;5,31;5,31
7896004705996;18,62;37,24
7896658004001;15,76;15,76
7897851250585;18,57;18,57
7896181906384;14,22;42,66
7896023743009;30,23;151,15
7894916550055;8,48;8,48
7894916550116;7,91;7,91
7895296199049;7,76;31,04
7896112144892;12,02;24,04
7896637023450;78,34;78,34
7896862917883;0,92;46,08
7897655400223;17,64;17,64
7898049792511;3,72;3,72
7897411611030;47,88;47,88
7897411610675;45,45;45,45
7891317123994;27,07;81,21
7897411610682;45,45;45,45
7891317124038;25,77;77,31
7897411611023;47,88;47,88
7891158100277;38,37;76,74
7891158100253;33,14;33,14
7898949409816;18,49;18,49
7898949409823;18,49;18,49
7891150051881;8,57;17,14
7891150006140;7,33;7,33
7891150041639;8,57;8,57
7897664168244;34,46;103,38
7897664168268;34,46;103,38
7897664168213;31,76;95,28
7897664168237;31,76;95,28
7897664169319;12,36;37,07
7893300521084;12,36;37,07
7896015590949;16,67;16,67
7891010870744;13,33;53,32
7891150018785;10,95;32,85
7891150041646;9,58;57,48
7891150018761;9,58;9,58
7891150029538;9,58;19,16
7891150018754;10,95;10,95
7891150018877;10,01;30,03
7891150041714;7,98;23,94
7891150018853;10,01;10,01
7891150029606;7,98;15,96
7891150018860;7,98;7,98
7898905111395;7,99;23,97
7896004707174;10,10;30,30
7896658002946;41,32;41,32
7896006240310;7,50;7,50
7896422511728;1,66;19,92
7896658002953;73,22;73,22
7896070600799;18,99;18,99
7896112116929;8,55;51,30
7896637017022;58,26;58,26
7891721023484;36,07;72,14
7896261005747;114,80;344,40
7500435128438;19,83;39,66
7899095221338;0,67;4,03
7896006202103;2,78;2,78
7896112101734;41,07;164,28
7891317469283;21,07;21,07
7891158100239;33,14;33,14
7891158000119;36,66;36,66
7898941911034;40,44;40,44
7891150006133;7,33;14,66
7891025113096;23,21;23,21
7897947614840;5,90;23,60
7891150018778;9,58;19,16
7891150051911;9,58;19,16
7891150051898;7,98;7,98
7896658002687;8,52;8,52
7896714211275;2,85;5,70
7896658015106;60,03;60,03
7896658001680;24,28;24,28
7897947610965;4,49;40,41
7622210411501;1,46;2,91
7891010246846;11,53;11,53
7891317488833;13,20;13,20
8902220114814;21,85;21,85
7896714234465;18,79;37,58
7896004711188;10,42;10,42
7894916146074;20,79;41,58
7896004742076;71,74;71,74
7894916148009;158,06;316,12
7895296211352;21,92;21,92
7896004726199;31,38;188,28
7896112170310;3,54;42,48
7896658002670;8,61;8,61
7891317120849;21,26;63,78
7896902205635;10,26;30,78
7896083400218;22,50;22,50
7896083400287;24,15;24,15
7896083400119;28,32;28,32
7896212452514;12,18;24,36
7891317172657;10,99;10,99
7896083400027;26,96;26,96
7896422504584;20,97;20,97
7899095203518;8,23;8,23
7896714230429;5,34;10,68
7891721024719;15,51;15,51
7891721023439;14,88;14,88
7896523223223;3,29;26,32
7896658032585;23,33;23,33
79400052919;19,26;38,52
7891010568764;9,08;27,24
7891010568771;9,17;36,68
7891010568757;9,08;36,32
7891010657529;9,17;45,85
4015400763697;7,99;23,97
7896115700026;6,20;6,20
7896115703577;6,20;6,20
7896115700194;6,20;6,20
7896115700019;6,20;6,20
7896372500544;4,52;58,76
7896523210940;5,41;16,23
7896006207665;59,60;59,60
7896006257929;3,60;10,80
7896004737713;12,35;37,05
7896112129653;53,66;160,98
7896444210760;3,19;12,76
7891800197525;0,67;12,06
7891800197600;0,88;31,68
7898040320911;5,97;11,94
7898040321208;21,90;43,80
7896004707501;22,71;22,71
7896862910556;1,08;1,08
7891058212070;12,58;12,58
7896658018992;32,23;32,23
7894916145459;7,34;22,02
7896004706474;1,73;1,73
7896004706306;2,70;2,70
7897411601567;17,58;17,58
7897316800256;27,78;27,78
7896112140306;5,51;33,06
7891800228090;11,26;11,26
7896000712738;6,88;13,76
7898277713258;3,46;3,46
7896004706733;6,58;6,58
7898928577628;5,90;17,70
7898928577697;4,97;14,91
7896523206790;3,95;7,90
7891024036655;7,08;14,16
7896026170499;20,07;20,07
7898662610568;0,53;4,24
7896269645198;2,35;23,52
7896015529093;6,60;13,20
7896222720528;10,90;21,80
7896245702273;0,11;1,14
7896222716514;8,64;17,28
7896222720757;12,52;25,04
7896006216568;3,89;11,67
7896070600911;33,20;33,20
7800005082024;8,01;24,03
7800005082222;8,01;16,02
7896004705736;8,26;16,52
7898087340354;19,34;19,34
7898148293681;4,96;4,96
78924468;5,25;15,75
78924338;4,32;4,32
7898031313465;1,36;34,00
7896112126430;16,95;33,90
7896033221023;8,07;8,07
7891010038915;8,18;16,36
7891010038908;9,16;9,16
7891010038953;6,49;32,45
4015630064038;65,15;65,15
7896110011158;1,75;10,50
7898924640043;3,44;20,64
7891150035546;7,51;7,51
7891150035539;8,35;8,35
7891800617320;3,44;20,64
7896070600904;43,70;43,70
7899095232532;9,36;9,36
7896026120401;17,42;17,42
7896422504478;5,85;5,85
7896714224114;5,98;5,98
7896004705583;9,93;9,93
7896658004261;9,40;9,40
7896004710495;7,88;7,88
7899095201187;1,67;1,67
7897460400517;49,04;98,08
7896004706795;3,61;7,22
7897851200603;44,79;44,79
7896261009684;41,81;41,81
7896714208084;8,36;25,08
7898148290550;3,58;7,16
7897076912299;14,86;29,72
7896004713731;3,66;7,32
7896181920410;7,02;14,04
7896004701820;4,88;14,64
7896004711034;10,95;43,80
7896004715674;2,75;30,25
7896181916086;20,40;20,40
7891317451417;26,29;26,29
7896004713908;8,16;57,12
7896033261395;32,59;32,59
7896033261418;32,59;32,59
7896269901720;70,40;140,80
7891800002034;13,56;27,12
7894916143998;8,12;8,12
7896472516896;4,17;8,34
7896004718996;19,61;19,61
7891158104671;15,42;15,42
7891158104688;15,42;15,42
7896023705397;15,80;31,60
7896017710505;14,14;127,25
7891150053946;7,53;15,06
7891150053960;7,53;15,06
7896714221380;4,70;9,40
7896004720296;7,50;7,50
7891317420833;8,65;8,65
7896261010222;18,52;18,52
7896112149415;4,03;4,03
7896472507832;4,80;4,80
7896004719269;5,81;11,62
7894916505673;55,68;111,36
7896523209647;5,07;15,21
7896004701271;8,98;8,98
7896472502080;5,31;5,31
7896004720876;6,23;6,23
7891721000614;14,93;29,86
7896004718309;36,56;219,36
7896004703404;21,27;21,27
7896004703411;34,19;68,38
7896004713137;13,57;27,14
7896004704692;8,32;8,32
7891721016202;14,88;14,88
7891721016226;14,88;14,88
7891721026621;28,83;28,83
7896004722344;5,51;22,04
7896004721309;4,72;14,16
7896112424444;23,47;70,41
7898040321512;58,93;58,93
7896004703572;1,33;35,90
7896004756622;4,81;33,67
7898216372027;8,08;24,24
7891058021740;2,93;26,33
7891158104220;15,42;30,84
7896445490550;1,05;12,60
7896445490086;0,57;7,41
7891150053953;7,53;15,06
7891268118001;21,18;21,18
7897322701486;10,91;10,91
7891721026614;22,20;22,20
7891800198102;2,35;23,50
7897799805458;3,80;11,40
7896015527433;6,60;6,60
7896015518325;7,58;15,16
7896009400162;8,35;25,05
7896009400049;8,35;8,35
7891010590253;6,05;12,10
4005808257669;4,73;28,39
4005808185719;4,73;23,66
4005808257553;4,73;18,93
4005808257577;4,73;9,46
4005900036704;4,73;14,20
7891010590246;6,05;12,10
75054434;4,28;12,84
75054441;4,28;12,84
78924345;4,30;4,30
7896181924739;18,30;18,30
7891268102062;19,95;19,95
7891317477738;18,36;18,36
7895858005962;25,41;25,41
7896181901006;1,96;23,52
7898040322670;41,60;41,60
7896004725789;4,46;17,84
7896006240457;9,02;9,02
7896658005138;25,45;25,45
7896714214405;5,15;61,80
7896472503537;22,04;110,20
7702031610823;19,22;19,22
7899824400560;18,55;37,10
7896004725697;34,86;34,86
7896676432992;14,23;14,23
7896714217093;1,01;2,02
7896112413790;50,73;101,46
7898096577840;21,98;43,96
7896226108568;25,95;25,95
7896094903104;4,04;129,42
7896714273426;18,74;18,74
7896006257950;1,08;12,96
7897655400216;16,42;32,84
7896004713779;5,06;45,54
7898495605083;37,11;37,11
7898100242955;13,10;39,30
7891058006235;28,93;28,93
7896311707973;31,89;31,89
7899785200841;20,00;20,00
7899785200858;20,00;20,00
7899026494763;25,11;25,11
7896251804343;27,56;27,56
7896006203117;12,33;24,66
7898126401206;23,26;23,26
6001159111764;22,86;22,86
7896806700014;1,73;19,05
7891010895525;2,88;23,04
7891010785581;9,78;9,78
7897930760806;22,31;22,31
7896004710938;4,60;55,20
7896685300657;79,35;79,35
7898148296255;7,69;7,69
7896006272724;3,41;6,82
7898946434200;49,49;49,49
7898483531103;8,42;16,84
7891024130933;1,07;5,35
7898563804301;2,62;20,95
7896251804350;27,56;27,56
7891350011623;4,22;8,43
7898928577680;6,53;13,06
7898049792351;1,26;3,79
7896714212708;9,20;73,60
7896523207636;3,99;7,98
7896523207681;3,69;3,69
7896004707389;4,41;22,05
7896012800843;14,45;86,72
7896111907658;2,04;12,26
7899706124874;26,58;26,58
7506295388487;3,61;10,84
7500435122764;2,36;18,87
7506339363883;0,16;1,15
7896004711546;6,37;6,37
7896026170406;14,91;29,82
7891150055780;1,97;19,69
7891150049888;1,29;9,03
7891150049895;1,29;11,61
7896115703119;5,39;16,17
7896112162322;28,90;173,40
7896714231204;3,15;9,45
7896714203492;10,65;21,30
7898924640227;0,95;0,95
7896658015724;60,85;60,85
7896658011924;54,40;54,40
7896004703602;0,72;5,06
7896714214542;0,80;29,70
7896004719214;3,79;18,95
7896212422524;4,62;147,92
7898148294954;2,92;2,92
7896094208124;23,28;23,28
7896001250628;9,41;47,05
7896004709567;12,91;38,73
8903855062006;54,90;54,90
7895800308738;0,80;3,99
7895800304211;0,80;3,99
7895800304235;0,04;0,86
7895800304228;0,80;4,79
7895800201503;0,80;19,15
7891010245610;5,29;15,87
7891035010958;5,65;5,65
7896110003221;2,20;4,40
7891010503024;2,46;2,46
7891010013998;3,75;11,25
7891010973483;2,46;14,76
7891010034511;2,88;8,64
7891010694593;5,02;15,06
7896110007700;1,67;8,35
7896110007892;2,80;19,60
7896007541874;5,57;11,14
7896007547647;2,01;14,07
7896222717788;6,23;12,46
7896012800836;14,45;101,17
7891010694586;2,88;28,80
7891010245597;5,15;10,30
7896007547654;2,01;10,05
7506195129838;4,56;27,36
7501065922724;4,56;18,24
7500435127226;0,11;2,06
7896110007908;1,77;10,62
7896007542437;3,73;26,11
7500435127240;2,32;16,24
7896004745329;23,70;23,70
7895144899947;1,00;3,01
7895144892931;1,00;3,01
7891035010842;6,11;6,11
7896020159568;1,64;4,92
7897930750043;14,97;29,94
7891010099732;1,92;5,76
7891010035976;1,92;3,84
7891010032906;1,79;3,58
7891010247409;1,29;7,74
7891010781668;1,92;3,84
7896094905634;1,32;1,32
7896094905627;1,32;2,65
7896094915046;5,99;11,97
7896699017633;7,34;22,02
7891010618780;11,13;44,52
7899095202511;9,43;37,72
7896112110583;4,40;4,40
7896004732824;10,50;10,50
8718117604425;57,99;57,99
7891025112662;39,42;39,42
7891025112686;47,63;47,63
7891025107897;35,89;35,89
7891025111825;37,13;37,13
7891025107095;44,58;89,16
7891000071625;41,37;41,37
7891000062722;32,25;32,25
7891000062760;29,46;29,46
7896004712970;39,20;39,20
7891025107842;27,97;27,97
7891025107323;71,15;71,15
7891010246853;22,24;22,24
7898636190874;7,45;7,45
7896714234519;46,82;46,82
7896004732893;13,54;40,62
7896004729459;42,89;42,89
7895296094597;14,21;71,05
7894916507912;34,37;34,37
7891150046375;1,73;13,84
7891150024793;0,62;1,86
7891150046368;1,73;13,84
7891024034941;1,65;8,25
650240012730;5,89;5,89
7896029046609;1,55;23,25
7896029046296;1,55;27,90
7896029046173;1,55;26,35
7896029046623;1,59;23,85
7896261005723;26,01;26,01
7896004712864;12,01;12,01
7891024034828;1,29;7,74
7891024034767;1,29;3,87
7891024034880;1,19;5,95
7891024034736;1,29;6,45
7891150059849;1,13;11,30
4005900521996;0,98;9,80
4005900521910;0,98;7,84
4005900521897;0,98;8,82
7891150059870;13,60;163,20
7891150059863;13,60;136,00
7891150059924;1,13;12,43
7891150059887;13,60;231,20
7891150059856;13,60;299,20
4005900521972;0,98;6,86
7896004719597;38,74;77,48
7896658002922;60,03;60,03
7895296193016;14,96;44,88
7896658002939;82,66;82,66
7791293034973;5,38;16,14
7791293034997;5,38;16,14
7791293034966;6,19;18,57
7791293034980;5,38;5,38
7791293035017;6,19;18,57
7791293035222;5,38;5,38
7791293035215;6,19;18,57
7791293033235;10,40;31,20
7791293033310;10,40;10,40
7791293033266;10,40;52,00
7506306241169;10,40;10,40
7506306241183;7,49;44,94
7791293033273;7,49;7,49
7895800430002;1,68;35,36
7896181921288;5,93;5,93
7896012800829;18,53;55,59
7896512900166;3,75;3,75
7793100130243;20,65;41,30
7891528038704;6,40;6,40
7896090400034;1,14;12,51
7898949409519;5,38;5,38
7898949409540;6,26;6,26
7897780209647;2,09;2,09
7891058019792;29,95;29,95
7891721022937;16,96;16,96
7896902210554;7,50;7,50
7896029069486;13,65;27,30
7896512905307;2,84;2,84
7896512905222;3,04;9,12
7506306233355;6,42;19,26
7506306233362;6,42;6,42
7791293028781;6,42;12,84
7791293035161;6,42;6,42
7896512910936;3,50;3,50
7898299570013;1,60;8,00
7896090400041;1,14;13,65
7896090400010;1,14;13,65
7896512900043;3,73;3,73
4005900380982;1,30;14,31
4005900294722;1,30;11,71
7896212452521;21,77;21,77
7791293022598;6,99;34,95
7791293032467;6,99;48,93
7891024132005;2,79;11,16
7891150006058;2,19;13,14
7896512905246;3,04;3,04
7896512905253;2,71;2,71
7896512905277;2,84;2,84
7891800198096;3,85;38,50
7898031313830;1,69;8,45
7891010589615;12,58;37,74
7891010657536;12,58;25,16
7891010589639;12,58;25,16
7891010589622;12,58;25,16
4005900449559;7,87;15,74
7791293032443;7,28;29,12
7898031310112;1,24;6,20
7898259490122;32,00;128,00
7898031310693;2,05;12,30
7896112100607;51,63;516,30
7897572006294;31,58;31,58
7898563802468;0,02;0,02
7896006210719;6,34;31,70
7898495609784;14,80;29,60
7896227620113;1,98;9,90
78911239;8,39;83,88
7896290402326;16,50;16,50
7896290401411;18,76;18,76
7896676410198;16,22;32,44
7891317103323;15,53;31,06
7891142142252;24,08;24,08
7896714213446;1,25;16,25
7898074614178;36,39;36,39
7896241235461;20,25;101,25
7891268101782;32,86;65,72
7898505091479;8,59;8,59
7896658007309;46,47;46,47
7891800276534;14,10;14,10
7891800364804;58,92;412,44
7891800364866;1,78;3,56
7891800276527;7,63;61,08
73796842895;55,90;55,90
7896540766918;9,99;49,95
7891800364880;4,50;9,00
7891800202199;12,59;25,18
7891800364873;38,71;77,42
7891800364798;3,19;3,19
7891800001747;7,11;28,44
7896714202693;10,25;20,50
7896658008115;18,60;18,60
7892953001837;29,04;29,04
7896658003141;12,75;12,75
7896637023344;12,74;12,74
7896637023658;9,60;19,20
7896637023665;10,70;10,70
7891106004213;6,53;32,64
7896241296400;48,34;96,68
7896241296523;24,56;49,12
7896523213415;11,56;11,56
7891058006716;38,48;38,48
7896004733234;4,02;20,10
7896004712147;2,20;4,40
7896004705378;9,56;38,24
7896004705385;13,43;40,29
7896004700274;11,51;23,02
7891317005351;36,83;36,83
7891317457211;29,90;29,90
7897322701738;24,28;72,84
7896212422951;34,78;34,78
7896004714837;6,91;13,82
7894916140706;2,83;2,83
7891142128096;15,18;15,18
7891142115430;15,95;31,90
7891142115386;22,76;45,52
7896422513098;40,43;40,43
7891721023965;36,34;36,34
7896622305875;2,55;38,23
7896714218700;19,68;59,04
7896714205236;2,05;63,57
7896261013490;13,65;13,65
7891268104028;46,19;46,19
7898148294121;1,14;27,26
7891106006507;25,25;25,25
7896226500386;19,22;19,22
7891058169015;67,48;67,48
7891058168049;46,02;46,02
7896070601772;38,92;38,92
7891058001155;15,07;195,91
7891058019679;3,36;67,25
7896070601796;34,87;34,87
7894916501415;27,29;27,29
7891106006279;10,73;32,19
7897595901514;9,68;9,68
7891058015756;16,58;99,48
7896004711768;5,88;17,64
7891268100815;39,17;78,34
7891058011499;40,48;40,48
7896026303002;16,61;49,83
7896016804939;16,12;16,12
7896672202681;46,43;46,43
7897322702070;14,27;14,27
7896641802850;8,83;8,83
7891317412531;11,65;11,65
7894916143295;3,15;3,15
7896676408294;20,13;20,13
7896548198247;30,72;30,72
7897316804810;28,45;28,45
7897316802861;30,77;30,77
7896046300036;13,06;13,06
7896026302784;17,24;34,48
3662042000058;38,50;38,50
7896006291398;12,77;25,54
7899095204720;2,84;8,52
7897322707617;43,61;43,61
7894916143622;1,91;1,91
7898133134753;5,90;23,60
7896641802843;7,08;14,16
7891058487096;8,21;8,21
7894916501668;37,82;37,82
7897129300134;38,41;38,41
7898040321390;19,22;38,44
7898040320942;9,32;18,64
7896658005336;29,41;29,41
7896241231616;19,33;19,33
7891317464004;39,42;39,42
7896523219691;6,25;37,50
7791293051123;7,59;15,18
7896830500505;34,11;34,11
7896015521622;14,48;14,48
7896512904324;6,36;6,36
7896015517045;14,48;14,48
7896512904126;6,36;12,72
7896015560300;14,48;14,48
7891158000966;12,07;12,07
7896658002892;22,29;22,29
7896658023224;25,14;25,14
7896523202204;4,13;41,30
7898087340040;41,31;41,31
7898031310082;1,21;7,26
7891317005054;10,23;20,46
7891317435462;20,09;20,09
7898040321505;51,04;51,04
7898040320973;33,99;67,98
7898040322540;33,20;33,20
7899470802268;2,00;12,00
7899095220171;4,44;4,44
7896212414468;43,73;43,73
7897322709376;31,95;31,95
7896004745176;32,98;131,92
7894916143448;9,72;38,88
7891142177155;31,07;93,21
7896422513173;10,60;21,20
7891058017439;13,09;13,09
7891058017446;12,91;12,91
7891058464073;18,00;36,00
7896112127666;2,04;6,12
7896006277408;5,22;26,10
7898133136757;39,06;78,12
7896714236223;11,95;47,80
7896006268666;5,93;5,93
7898040324247;34,25;34,25
7898133136634;39,35;39,35
7896006259701;10,05;40,20
7896444211118;2,29;27,48
7891058017149;26,90;26,90
7896658001901;15,62;31,24
7896658002229;10,57;10,57
7896658002205;16,60;99,60
7896658001079;12,08;48,32
7896658005121;30,94;30,94
7896658005084;35,66;35,66
7896523202822;1,70;10,20
7896212478750;6,73;6,73
7896212479573;17,28;17,28
7897460400357;42,18;42,18
7896004715247;6,54;39,24
7891721020933;29,92;29,92
7896641800030;17,90;35,80
7896523216447;3,80;11,40
7891268402001;9,58;47,90
7891268402018;9,51;19,02
7891268402025;9,40;9,40
7896714283005;4,26;8,52
7896181915188;32,15;32,15
7896181915171;16,09;16,09
7896181907176;25,23;25,23
7891317460495;40,06;40,06
7891317460532;22,65;22,65
7896015518875;38,83;38,83
7898926572113;49,61;49,61
7896658001918;12,73;12,73
7896658007255;11,27;11,27
7896658002113;24,73;24,73
7896658002120;20,94;20,94
7896658001789;24,18;24,18
7896004727806;4,80;14,40
7896004706764;5,79;17,37
7896004704616;3,65;3,65
7896004716558;9,83;9,83
7891317411909;23,66;23,66
7899095202580;4,95;24,75
7896004731674;18,59;148,72
7896004706559;19,28;115,68
7894916143738;6,51;13,02
7891142115614;36,22;36,22
7891142171757;16,64;33,28
7896714273006;7,41;7,41
7891317485153;14,79;14,79
7897129301506;29,19;29,19
7896006216308;5,20;5,20
7896006213130;8,50;17,00
7898074618183;21,15;21,15
7896658021121;14,08;14,08
7897930764538;22,78;22,78
7896658021381;11,26;11,26
7897655401176;30,28;30,28
7896676401776;10,71;10,71
7898133139420;9,01;9,01
7896658000959;20,35;20,35
7891317421748;58,61;117,22
7897337705004;82,30;82,30
7894916501927;41,50;41,50
7891317422042;33,08;66,16
7898948648148;36,68;36,68
7896658008542;16,73;16,73
7896658008559;18,52;18,52
7896658004704;14,09;14,09
7896637025102;18,04;18,04
7896637023641;27,77;27,77
7896637023115;16,08;16,08
7896637025096;16,92;16,92
7897411610941;19,20;19,20
7896004727158;3,00;27,00
7891317432447;10,68;10,68
7891317432362;12,00;12,00
7898040321253;36,37;36,37
7891721013010;18,47;36,94
7795320050127;42,95;42,95
7896004811574;5,07;10,14
7896004726694;16,96;50,88
7896714230054;2,35;11,75
7896676402568;23,18;23,18
7896548113059;15,19;30,38
7896548133613;7,60;15,20
7896548113479;10,13;20,26
7896548140222;15,56;31,12
7896548198957;37,17;74,34
7897316804964;42,70;42,70
7896016804915;16,26;32,52
7896523208176;1,32;19,80
7891317412692;27,30;27,30
7896006290216;20,43;20,43
7898902180547;17,71;17,71
7896212410057;16,85;16,85
7896212428861;24,46;24,46
7896212479924;17,38;34,76
7896180300183;12,62;25,24
7896180300237;37,10;74,20
7898133130410;1,16;1,16
7898133131509;21,40;42,80
7896641804663;19,87;19,87
7899547501483;10,56;10,56
7897595903273;10,30;20,60
7894916208833;15,61;15,61
7896006290117;7,19;14,38
7898074618206;27,32;27,32
7897655400230;15,33;15,33
4005808910328;8,04;16,08
7791293022567;6,85;20,55
7896020160168;11,58;23,16
7506078948075;7,98;23,94
7899706117579;7,98;15,96
7898133131837;6,05;6,05
7791969028831;7,87;15,74
7791969016036;7,42;22,26
4005808662388;8,01;16,02
7891058004354;49,84;99,68
7891010793463;3,75;15,00
7897322702209;22,44;22,44
7898040320768;18,82;18,82
7891058224028;30,29;30,29
7891035010866;11,78;11,78
7894916142632;14,45;14,45
7896006201007;6,30;12,60
7896015526252;16,45;32,90
7896658003172;8,65;8,65
7896015500016;3,05;24,41
7896015520533;1,31;57,86
7896094208278;22,45;22,45
7896094200432;21,51;21,51
7896094208285;38,07;76,14
7897337702089;18,46;55,38
7896227800027;4,63;83,34
7896548140581;43,22;86,44
7896422533713;22,35;44,70
7896004728261;15,59;15,59
7896658003523;7,57;7,57
7896658003516;6,09;6,09
7896658001512;22,51;45,02
7896658002700;50,17;50,17
7896317900408;34,98;34,98
7896016801501;13,97;27,94
7795304000056;16,13;32,26
7896523206547;4,02;24,12
7894916509954;51,08;51,08
7891058059149;7,27;14,54
7896004706573;3,57;14,28
7891317408060;3,17;9,51
7891317421755;84,78;84,78
7896672201875;21,11;42,22
7897322700366;16,67;16,67
7896004709383;3,26;9,78
7896212479054;4,47;26,82
7896212479603;8,87;26,61
7896212422517;22,97;22,97
7896212413560;17,75;17,75
7896004706528;14,28;71,40
7891142171719;13,49;53,96
7891142177049;13,56;13,56
7896422507295;19,25;38,50
7891721000133;37,78;75,56
7898133136047;30,64;153,20
7896714219301;2,97;5,94
7896714200699;4,98;24,90
7896714201108;7,10;78,10
7896714214498;2,54;2,54
7896261013483;25,17;50,34
7896261006553;10,16;10,16
7891106006491;23,59;23,59
7896226500201;6,60;39,60
7896070601765;40,36;40,36
7891058431037;12,80;38,40
7891058325039;11,69;23,38
7896070600669;6,50;32,50
7896070600447;9,96;29,88
7896070600034;5,04;15,12
7896070600126;7,54;22,62
7896070601062;7,87;23,61
7896070601574;17,04;102,24
7897595902146;54,14;54,14
7894916208154;14,48;28,96
7896006281764;2,50;5,00
7892953001288;49,29;49,29
7892953101865;19,25;19,25
7896714233833;9,88;108,68
7896094906594;42,11;42,11
7897129300059;31,59;31,59
7896317900200;22,45;22,45
7891104193353;6,96;6,96
7896004739878;7,69;7,69
7896261000223;6,75;27,00
7896261018181;5,22;5,22
7898168000597;14,87;14,87
7896658003981;22,27;22,27
7896637025362;82,83;82,83
7795320008821;26,31;26,31
7891106907286;20,20;20,20
7896523208282;5,28;10,56
7896094901582;12,34;24,68
7896082900047;24,94;24,94
7896004817576;11,07;11,07
7896004817569;10,46;52,30
7896331700459;11,80;59,00
7896227800089;9,19;9,19
7896006267072;5,11;10,22
7891142180766;30,96;30,96
7891142180773;30,34;30,34
7896658003561;22,96;22,96
7896658001925;8,59;17,18
7891106006286;9,23;27,69
7891106006132;11,73;23,46
7896026300315;11,44;34,32
7896026300216;15,55;62,20
7898158690517;19,47;136,29
7896523206295;6,73;13,46
7896672202612;29,15;29,15
7896070601895;21,61;43,22
7896004705644;4,37;13,11
7891142115492;25,31;50,62
7891142171061;19,72;19,72
7891142177124;22,57;22,57
7896422506649;9,83;29,49
7896714214337;4,08;12,24
7896714233840;10,23;81,84
7896641808609;12,59;12,59
7898148299010;2,14;6,42
7898148293995;3,34;3,34
7898148298747;4,06;4,06
7896226501239;14,70;44,10
7897595901767;24,28;24,28
7891058009458;10,59;21,18
7896070601932;6,69;33,45
7897595900708;9,76;9,76
7896070601260;14,96;44,88
7896070601055;10,51;21,02
7896094201637;26,99;53,98
7896015519094;24,39;24,39
7896672202902;53,69;53,69
7891317460518;41,40;41,40
7896269900211;45,14;45,14
7896112147640;5,30;10,60
7891010503505;13,08;13,08
7891035620003;13,64;13,64
7891035911729;15,66;31,32
7891010804602;5,88;11,76
7891010877934;7,78;7,78
7891010014803;7,78;7,78
7891010014810;7,78;7,78
4005900137302;7,23;14,46
4005900137326;7,23;14,46
7894650130070;14,55;29,10
7896658006401;22,43;44,86
7896658004896;19,44;19,44
7891106905923;30,02;30,02
7896116801517;20,18;40,36
7891106905886;7,63;7,63
7891106907552;15,24;15,24
7896112448358;13,82;41,47
7898582380183;29,93;29,93
7896004714196;2,77;5,54
7891317465667;17,39;34,78
7898040320584;20,65;41,30
7896094202900;34,05;34,05
7896094200470;25,22;25,22
7898505091349;1,30;7,80
7896422531788;32,54;32,54
7891721010026;11,87;11,87
7891106906043;6,60;13,20
7897572000100;32,72;32,72
7897572000230;24,58;24,58
7894916508988;33,77;33,77
7894916502962;11,37;11,37
7894916206419;19,09;19,09
7896006234067;3,21;70,62
7891045008433;6,45;25,80
7891045000987;6,42;12,84
7896004702223;7,78;31,12
7891106905992;4,80;24,00
7891106905961;5,58;27,90
7891317008703;18,92;37,84
7891106909044;55,12;55,12
7896094203051;31,57;94,71
7897572000896;30,48;91,44
7896009490675;36,11;36,11
7891317436148;38,88;38,88
7891317101985;16,91;33,82
7894916510271;34,96;34,96
7896004720869;4,63;4,63
7896212415618;13,06;39,18
7896094208094;36,01;36,01
7896094201453;21,86;21,86
7896112128915;6,86;20,58
7896004801216;12,37;12,37
7891106908894;55,12;55,12
7898495603843;4,59;18,36
7891268404029;21,23;42,46
7891268404036;22,15;22,15
7896004700502;8,08;72,72
7891317006570;25,03;25,03
7896331702958;8,39;16,78
7896094905825;23,90;47,80
7896006245322;11,43;11,43
7896185909084;7,83;23,49
7896006200994;5,28;10,56
7892953001387;11,60;11,60
7892953001370;10,35;10,35
7898949409465;22,94;22,94
7891721023422;24,78;49,56
7896082900351;26,18;26,18
4008500018064;12,61;12,61
7891010880842;9,32;9,32
7896685301395;18,08;18,08
7896212422562;20,11;20,11
7896622300450;7,95;23,85
7896006210429;1,61;14,49
7897337710930;33,42;33,42
7891106904155;72,17;72,17
7891106907224;57,85;57,85
7891106906005;27,17;54,34
7891106904582;38,54;38,54
7896241265406;29,14;29,14
7896112424123;14,52;29,04
7896181901044;42,66;42,66
7891317443931;25,79;25,79
7898040320683;27,24;54,48
7896094207516;47,66;47,66
7896094201378;35,70;35,70
7896094208117;25,58;51,16
7896422507547;25,78;25,78
7897572006119;24,77;49,53
7897595620293;15,66;31,32
7897572001589;62,65;125,30
7897572001923;31,46;31,46
7891106904070;31,61;31,61
7896004711096;12,28;24,56
7891142165770;8,72;17,44
7896006292005;14,47;14,47
7896212420018;72,02;72,02
7891721008368;19,12;19,12
7891721024481;26,99;53,98
7894916202671;33,60;33,60
7891721020520;7,23;14,46
7891721020506;10,56;31,68
7891317412708;12,23;12,23
7896714215891;4,13;4,13
7896112113553;15,99;31,98
7896548198292;19,83;19,83
7898158690586;6,26;25,04
7896006225010;19,47;19,47
7896180300510;9,28;9,28
7896006290537;21,32;42,64
7896112425328;57,78;57,78
7896226102832;53,39;53,39
7896255766401;35,40;35,40
7896255716949;20,42;20,42
7896255716956;23,15;23,15
7896255716970;26,85;26,85
7896255716963;25,69;25,69
7896255700054;27,00;27,00
7896658008801;14,89;14,89
7896658008825;9,66;9,66
7896658002076;7,56;7,56
7896658008740;9,98;9,98
7896658006043;53,09;53,09
7896658023323;37,30;37,30
7896658023354;37,30;37,30
7896658014215;38,19;38,19
7896658008450;17,39;17,39
7896658008467;27,78;27,78
7896658001666;27,00;27,00
7896658015380;38,33;38,33
7896637023443;45,06;45,06
7896637024365;48,47;48,47
7896637022552;23,55;23,55
7896206407568;30,25;30,25
7896206402877;68,40;68,40
7896206402853;19,53;19,53
7896206402860;39,19;78,38
7897851250561;9,51;9,51
7891106006316;17,01;17,01
7896241241394;25,80;51,60
7896112486787;38,39;38,39
7896112422211;75,26;75,26
7896112432401;21,12;21,12
7896241248430;62,17;124,34
7896241225523;18,00;18,00
7896241225257;13,22;39,66
7896112422136;38,73;38,73
7896181916246;18,75;18,75
7896181904793;21,75;43,50
7896181906193;11,83;23,66
7896026300179;6,90;13,80
7896026300162;5,54;11,08
7896026305259;112,92;338,76
7896523206479;13,55;27,10
7896523209845;1,29;3,87
7896676400175;31,08;62,16
7896676422269;22,74;68,22
7897411610958;37,77;75,54
7897411610606;36,20;36,20
7897411610668;39,47;39,47
7897411610620;39,70;79,40
7896241225127;23,99;23,99
7896241221853;9,66;9,66
7896641809170;67,81;67,81
7896004723365;34,03;68,06
7896004721828;4,78;4,78
7896004722177;25,91;25,91
7896004703312;15,57;31,14
7896004718811;4,04;8,08
7896004729640;30,44;30,44
7891317432461;21,25;42,50
7891317425869;3,87;3,87
7891317473679;14,63;87,78
7891317473648;8,96;8,96
7891317455569;20,80;20,80
7891317472122;28,81;28,81
7896422507509;14,04;14,04
7898040320928;17,99;17,99
7896004729657;16,04;80,20
7896004731605;20,36;40,72
7896004721842;3,59;10,77
7896004716275;3,68;14,72
7896004708959;6,77;20,31
7896004718866;3,38;16,90
7896004738949;11,97;35,91
7896212429738;18,22;18,22
7898029552203;49,17;98,34
7898029551848;94,43;94,43
7894916146111;20,91;104,55
7894916146401;4,58;9,16
7894916146425;6,24;6,24
7894916146067;8,67;34,68
7894916146791;18,54;18,54
7896094201293;39,56;39,56
7896094206380;42,55;42,55
7896094206366;41,70;41,70
7896094201415;39,41;39,41
7896094207851;32,96;32,96
7896094207844;16,47;16,47
7896226105208;72,85;72,85
7896226102603;51,19;51,19
7896226102801;58,61;58,61
7896422516921;2,99;8,97
7896422514644;2,66;7,98
7891721020094;5,81;5,81
7891721020148;6,07;12,14
7891721019999;4,01;4,01
7891721022579;28,23;56,46
7891721027468;5,58;27,90
7891721008405;37,10;74,20
7891721012969;14,63;14,63
7891721027437;20,19;40,38
7891721027451;20,28;20,28
7891721012976;29,21;29,21
7897337702386;16,68;16,68
7897337702270;9,52;19,04
7899470803975;12,67;38,01
7896714203515;3,40;17,00
7896714205823;2,29;2,29
7896714200064;10,03;80,24
7896714200736;4,43;8,86
7896714234236;5,88;17,64
7896714200804;6,47;19,41
7896641805943;14,29;157,19
7896641808630;21,69;65,07
7896641805912;38,84;38,84
7891268100211;22,69;22,69
7899547503845;3,78;7,56
7898148291298;2,64;2,64
7897076910929;6,35;12,70
7896226502199;27,60;27,60
7896226502427;9,32;9,32
7896226502410;16,33;81,65
7896226504742;4,70;14,10
7897595900715;20,69;20,69
7891058019365;10,59;10,59
7897322709420;32,71;32,71
7897595903693;13,17;39,51
7891058003555;1,99;1,99
7891058003562;5,97;11,94
7898029552128;23,53;70,59
7898029558809;51,59;51,59
7894916508360;38,52;38,52
7894916500425;24,76;24,76
7894916500272;48,63;48,63
7894916500548;19,41;19,41
7894916500333;34,26;34,26
7894916500869;40,70;40,70
7894916503389;8,02;8,02
7894916550123;13,96;13,96
7896004723655;9,61;48,05
7896112122449;1,68;3,36
7896112122432;2,01;6,03
7896112148852;8,30;24,90
7897129301513;28,66;28,66
8902220105676;18,24;36,48
8902220106079;10,54;21,08
8902220114937;42,88;85,76
8902220105935;41,70;41,70
8902220109506;30,88;30,88
7896006209690;3,57;21,42
7898414850891;24,25;48,50
7895296096096;20,54;123,24
7891045043144;47,89;47,89
7891721020193;8,00;8,00
7899547505269;9,74;9,74
7891721020049;7,89;7,89
7891721019791;4,07;12,21
7891721019845;4,65;4,65
7891721019890;5,29;5,29
7891721019944;5,93;5,93
7891317445737;21,59;43,18
7896641805929;40,56;40,56
7894916509510;71,14;71,14
7894916550031;7,25;7,25
7896658008023;29,93;29,93
7896658025112;74,39;74,39
7896637023047;58,94;58,94
7897700031235;74,95;74,95
7898948648131;44,55;44,55
7896112427360;28,00;28,00
7896112470830;58,81;58,81
7897947607996;8,99;53,94
7891317481629;16,06;16,06
7896094201811;40,50;40,50
7896094201385;40,50;40,50
7896094206298;50,19;50,19
7896094202603;38,94;38,94
7896261009660;20,15;20,15
7891317126797;34,01;34,01
7896372505006;23,93;23,93
7891142130822;50,26;50,26
7896641805776;38,77;38,77
7896658001123;21,84;21,84
7896658006432;30,28;30,28
7896658000577;21,60;21,60
4260085521425;23,11;23,11
7898495603959;7,34;7,34
7897947609235;8,99;53,94
7898087340125;33,78;33,78
7896004712413;4,27;4,27
7896004718460;5,40;21,60
7896004711690;4,67;4,67
7891317445720;21,72;21,72
7891317490003;27,37;27,37
7891142142214;23,60;23,60
7891142142290;26,76;53,52
7891142142283;27,81;27,81
7891142171191;12,22;24,44
7896714230160;12,21;48,84
7896714226033;4,00;4,00
7896714230504;3,94;15,76
7896261014244;9,29;9,29
7896641804205;14,47;28,94
7590002032817;15,40;30,80
7899420501791;49,31;49,31
7896658001116;21,29;21,29
7891317002442;7,83;7,83
7891317452650;16,99;16,99
7896422515399;12,94;12,94
7896004700656;5,55;5,55
7891317002459;7,64;7,64
7891317445751;20,88;20,88
7891317452933;17,67;17,67
7896641801792;40,51;40,51
7896658005305;21,43;21,43
7896658001765;27,69;27,69
7896658012303;8,63;17,26
7896658000652;14,32;14,32
7896094901148;12,62;25,24
7894916501736;33,95;33,95
7898949409458;25,38;25,38
7896714241104;2,87;11,48
7897322702032;9,12;18,24
7896331704808;4,27;51,24
7896212420629;9,93;29,79
7898118240240;7,45;22,35
7894916145480;3,83;3,83
7891142142221;29,35;29,35
7891142115478;20,24;60,72
7896714231143;2,06;26,78
7896641805479;24,42;24,42
7894916500296;34,22;34,22
7896641806483;13,06;65,30
7896006209881;3,13;21,91
7896637026291;25,74;25,74
7896658019531;54,42;54,42
7896658000911;98,01;98,01
7894916209908;15,72;94,32
7894916503402;9,53;28,59
7898031310365;2,93;17,58
7896241274903;7,70;15,40
7894916500609;39,16;39,16
7896094910546;5,30;180,23
7897322709529;106,26;106,26
7896004733302;6,62;19,86
7897322709468;20,36;20,36
7896269900983;14,48;28,96
7891142200181;6,29;182,46
7896714200835;3,42;468,59
7898014560817;0,35;6,94
7896714269917;3,41;122,66
7896641810244;3,54;113,44
7896004715230;5,09;71,26
7891721000126;21,51;21,51
1396227800010;2,36;16,52
7897129303890;28,30;28,30
7896658005190;12,67;12,67
7897411601505;15,68;15,68
7897411601543;18,19;18,19
7896009400148;27,08;27,08
7897411601529;16,34;16,34
7896658005091;24,41;24,41
7891010504755;7,95;7,95
7896094903067;20,64;20,64
7896658000805;26,54;53,08
7896004728773;13,90;27,80
7896658003653;26,12;52,24
7896523208985;3,29;26,32
7896251802646;57,14;57,14
7896006236009;21,89;21,89
7899095230095;7,95;71,55
7896658018732;29,65;29,65
7896026120555;13,96;13,96
7896094901155;26,05;26,05
7898040321420;23,88;23,88
7896006209898;4,70;18,80
7896112165538;18,37;18,37
7896676410389;34,00;34,00
7891317420840;20,41;20,41
7896422514873;9,75;19,50
7896685300190;26,80;26,80
7896685301654;27,50;27,50
7896685300183;22,15;22,15
7896331701036;34,20;991,80
7896093001054;2,31;57,77
75023393;2,31;83,20
7894916500418;22,08;22,08
7894916501804;59,63;59,63
7896658003547;9,02;9,02
7896658025150;64,50;64,50
7896548198926;139,15;139,15
7896548168745;56,08;56,08
7896548197967;59,38;59,38
7896548111727;5,43;10,86
7896548115251;43,22;129,66
7896548112908;25,45;25,45
7896548112717;19,98;39,96
7896548197554;25,86;25,86
7896548139585;27,12;27,12
7897316801390;8,47;8,47
7897316801413;10,74;10,74
7897316804926;80,01;80,01
7897316805268;35,62;35,62
7897316800300;29,70;29,70
7897316802335;10,80;10,80
7897316804902;27,34;27,34
7897316805688;46,34;46,34
7896006290100;20,27;20,27
7896006290070;36,72;36,72
7896006290209;52,78;52,78
7896006222620;20,17;20,17
7896006290988;17,99;17,99
7896180300213;19,36;38,72
7896180300275;11,73;11,73
7896180300152;24,43;24,43
7896180300145;15,39;30,78
7896180300244;20,76;20,76
7896180302088;12,88;12,88
7896180300084;28,86;28,86
7896180300114;20,01;20,01
7896548111987;11,96;11,96
7898040324223;26,49;52,98
7896006290629;36,58;36,58
7891058467098;8,10;8,10
7896658005923;18,11;18,11
7896444210821;4,24;21,20
7896658000713;21,42;21,42
7896241231630;20,32;20,32
7896004700403;12,07;12,07
7898040323141;20,06;40,12
7891721014239;24,76;24,76
7891721014741;23,58;23,58
7891721014987;27,47;27,47
7891721014086;27,25;27,25
7891721014697;21,35;21,35
7891721014963;22,98;22,98
7891721014642;18,64;18,64
7896641800016;17,22;17,22
7891106907293;16,15;16,15
7896026120494;26,07;26,07
7897322704944;14,02;28,04
7897322704593;15,34;15,34
7896094207943;16,98;33,96
7896094201514;14,62;29,24
7898133135248;18,53;129,71
7896714231198;4,33;8,66
7896714270029;6,32;25,28
7891058018382;36,74;36,74
7896006214007;11,50;11,50
7891010974312;9,75;19,50
78906617;12,47;37,41
7891058016999;28,68;57,36
7896094910553;4,99;84,88
7896094910683;7,02;84,22
7891104193087;5,95;136,86
7896094912472;2,59;20,71
7896004720838;6,20;6,20
7891721020940;22,82;45,64
7896641800023;11,51;11,51
7896004702742;4,46;17,84
7896004702735;4,98;24,90
7898037080460;20,37;20,37
7891317443382;61,45;61,45
7898040321284;17,97;17,97
7896212429745;36,05;36,05
7896226101231;58,03;58,03
7896226105147;71,90;71,90
7896714221847;27,20;27,20
7896006238553;11,80;47,20
7896094201507;27,11;27,11
7898926572090;40,42;40,42
7897947606500;9,59;47,95
7896004726045;9,15;9,15
7896004726014;11,18;22,36
7891142118073;24,02;24,02
7896714224688;6,85;34,25
7896261014268;18,50;18,50
7896094901612;24,69;24,69
7891317000547;37,79;37,79
7896212409457;17,48;17,48
7891142177162;18,31;18,31
7896714236247;8,82;44,10
7896714225296;15,07;60,28
7899547505061;7,64;7,64
7896006291770;7,00;77,00
7896006224181;22,27;22,27
7891010785567;12,47;37,41
7891106906944;43,03;86,06
7891317465650;12,70;38,09
7891317445126;45,24;45,24
7891721015366;28,75;28,75
7891037645653;8,53;17,06
7896637023009;45,31;45,31
7891142177216;34,31;34,31
7897337704984;41,57;41,57
7891106908870;19,26;19,26
7891317469238;40,30;40,30
7896094208070;61,13;61,13
7891150025998;1,73;5,19
7891150026025;1,73;5,19
7896658006920;40,01;40,01
7896004802343;0,99;7,92
7891010031633;3,09;30,90
7896094904125;3,84;96,02
7896094904156;5,82;127,95
7896004712581;25,00;25,00
7896004716633;7,21;21,63
7896548140284;9,85;9,85
7896637022439;14,38;14,38
7891010035631;5,02;20,08
7891010014865;2,25;6,75
7896094905641;1,32;14,57
7896227800041;24,37;24,37
7891000079515;34,60;34,60
7896112425496;173,09;173,09
7897947611160;5,81;5,81
7897947611177;5,65;5,65
7891150006072;2,19;4,38
7898422746827;2,19;8,76
7898422746759;2,70;8,10
7896637026802;34,31;34,31
7896637026901;19,66;19,66
7898118240264;5,69;17,07
7891317477608;7,50;187,50
7891045035040;17,76;17,76
7896007510771;30,90;123,60
7896007510764;30,90;123,60
7896006203186;13,78;41,34
7899640807277;26,00;26,00
7896026170390;16,76;33,52
7891106909631;36,86;36,86
7898048697879;2,22;26,67
7891045039987;4,40;88,06
7896000716675;6,93;20,80
7896000705969;6,93;20,80
7894916142151;16,20;32,40
7891058004347;20,50;41,00
7898108649800;0,58;57,42
7896523215747;1,59;19,08
79400052919;19,93;39,86
7896714265742;19,49;253,37
7896714230078;19,14;114,84
7897947611887;11,68;11,68
7891800341997;2,00;4,00
751320331830;3,29;16,45
7896112400554;48,66;48,66
7896006203209;1,56;6,23
7891106908313;4,50;9,00
7896090604517;1,29;69,48
7896094917255;3,01;33,11
7896771000867;5,90;17,70
7899824400775;26,47;26,47
7896317907346;43,20;43,20
7896112160830;18,75;206,25
7896523206271;4,53;9,06
7500435122191;19,15;95,75
40232936111;8,36;33,43
7500435106580;25,04;175,28
7898964675128;14,82;251,90
7898100320110;9,99;39,96
7896342452965;24,99;24,99
7896342452873;24,64;24,64
7899706110389;13,12;26,24
7899026464193;13,12;26,24
7899706114653;13,12;26,24
7898936049827;11,00;33,00
7896112400370;5,94;5,94
7898636190515;24,68;24,68
7898636190522;15,66;31,32
7899095258365;3,16;18,96
7899824401017;18,19;18,19
7896523223193;4,58;9,16
7896094210271;37,76;37,76
7896067302088;4,26;25,56
7897211100390;13,38;13,38
7500435114479;19,79;39,58
7897211100376;8,47;16,94
7896637028523;32,70;32,70
7896637028417;20,04;20,04
7891000101506;10,63;63,78
7898099460040;6,79;6,79
7896000706010;6,93;20,80
7896342452866;26,90;26,90
7896342452958;24,06;48,12
7500435122184;19,15;76,60
40232936104;8,36;16,71
7500435106573;24,32;48,64
40232936142;14,82;133,36
7898064036430;36,53;36,53
7898100320103;9,99;109,89
3014260278922;13,45;13,45
7500435017046;13,45;13,45
7896094916555;24,59;24,59
7896094916135;33,46;33,46
7896342412389;31,80;31,80
7891010504038;3,13;18,78
7896067301005;96,34;96,34
7891000070765;18,99;56,97
7896013502937;5,20;31,20
7896000705952;6,93;13,87
7896014183043;17,97;53,91
7896013502166;5,20;15,60
7891182016247;4,34;4,34
7896014183067;15,39;30,78
7896013500384;5,20;15,60
7896221800658;3,66;10,98
7891182016254;14,37;28,73
7896013502791;5,20;15,60
7891182016278;14,37;28,73
7896014183135;17,97;35,94
7896000705921;6,88;13,76
7891182016353;4,56;4,56
7500435122177;19,15;76,60
7500435106566;24,32;24,32
7898148295098;1,36;17,70
7891010974930;3,13;65,76
7896685301661;21,24;21,24
7896512913708;6,36;6,36
7896676421897;10,67;10,67
7898031312789;2,03;6,09
7891010032937;5,66;11,32
7898905111401;1,99;9,95
7891000460207;0,03;0,55
7896641808647;6,95;6,95
7896699001229;4,34;21,70
7896699001007;2,62;20,96
7896699011617;6,49;25,96
7896982903803;7,09;21,27
7896699018623;4,07;8,14
7896699018944;4,20;12,60
7896699015554;4,59;13,77
7896699015530;5,52;22,08
7896699014113;13,86;27,72
7891060836264;10,13;20,26
7896007546916;10,32;51,58
7500435117845;22,88;68,64
4015630064250;38,03;38,03
4015630064205;19,49;19,49
4015630064175;39,06;39,06
79400052926;19,26;38,52
79400301161;19,26;38,52
7896110091440;2,33;25,66
7898959867316;0,89;3,56
7897930761209;20,91;20,91
7896699019798;15,71;15,71
7896699019781;15,71;15,71
7896641810237;2,07;91,08
7891137003612;4,06;40,62
78906884;2,91;32,05
7896006214915;0,68;21,12
7896006212102;5,56;11,12
7893454100654;27,41;82,23
7891106909624;23,71;23,71
7896902212190;2,94;73,50
7898238650288;2,52;22,67
7898238650776;3,60;21,59
7898238650769;3,60;25,19
7898238650295;3,60;17,99
7898238650264;2,16;8,63
7898238650035;0,72;3,60
7898238650134;1,44;18,71
7898238650127;1,44;15,83
7898238650141;1,51;31,81
7898238650073;0,72;14,40
7898238650202;2,16;21,63
7898238650097;0,72;6,48
7898238650516;10,96;10,96
7898238650493;10,96;10,96
7898238650387;10,96;10,96
7898238650349;11,53;11,53
7898238650332;11,53;34,59
7898238650509;10,96;10,96
7898238650554;2,56;12,78
7898238650790;4,69;14,06
7898238650455;1,83;5,48
7898118241735;7,83;23,49
7898118240288;5,69;17,07
7898118240295;5,69;17,07
7896658020315;15,59;15,59
7898096577673;23,25;23,25
7898075311854;6,89;62,01
7891010041434;6,16;6,16
7891010041441;6,19;12,38
7891010041427;6,19;24,76
7898039564630;24,39;121,95
7896699021746;4,78;4,78
7896699025102;6,38;6,38
7896699025829;7,07;14,14
7896699025188;6,38;19,14
7896033202718;8,72;8,72
7896699010672;6,00;18,00
7896000627001;10,19;30,57
7896699021760;4,78;9,56
7896699025119;6,38;19,14
7896699025195;6,38;6,38
7896699025843;7,07;14,14
7896342412372;28,88;28,88
7896699029643;7,23;14,46
7896699022460;5,28;10,56
7896699017909;6,11;18,33
7896033202756;8,72;17,44
7896699021333;6,68;73,48
7896699016797;3,93;7,86
7896699008365;6,00;12,00
7896000627056;13,98;27,96
7896699017923;6,91;13,82
7896699022484;5,28;5,28
7896699029650;7,23;14,46
7896699016773;3,93;3,93
7891010925543;2,17;6,51
7891010926960;2,17;17,36
7500435024594;9,82;19,64
7506339358230;14,48;28,96
7500435110662;16,64;33,28
7896317884654;29,99;29,99
7891800428933;0,38;19,69
7898039564678;11,36;11,36
7891800428926;0,38;8,33
7898039564661;11,36;56,80
7898039564616;24,39;121,95
7896007550159;3,85;15,38
7891800428919;0,38;15,90
7898039564609;21,99;109,95
7896007550173;3,85;11,54
7898039564647;24,39;48,78
7896006228530;2,13;12,78
7896112192022;6,84;20,52
7891055300121;5,61;5,61
7898926639175;0,71;7,10
7896018700659;7,99;15,98
7896075701019;1,81;1,81
7891800364781;0,13;0,64
7896444210647;2,93;11,72
7898953484021;0,25;5,50
8999002691212;1,63;9,79
8999002691311;1,51;3,03
7896444211446;3,79;15,16
7891010040000;3,14;6,28
7891010933623;0,28;4,46
7896699019989;16,70;33,40
7896342415694;22,10;44,20
7896067202364;2,07;10,37
7896067202340;2,07;20,74
7896067200551;5,27;52,70
7500435134415;2,11;10,56
7896111944912;10,58;52,90
7896111907665;10,58;10,58
7896111945933;1,76;1,76
7896111942857;10,58;21,16
7899454429887;0,78;6,27
7899454426565;0,07;0,13
7896699029063;3,89;7,78
7896699029070;3,89;7,78
7898585290502;1,69;8,45
7898585290519;1,69;5,07
7896699024082;7,07;7,07
7896699024105;7,07;7,07
7891010040017;3,14;6,28
7891060679724;11,49;68,94
7898475786399;0,19;11,03
73796245283;10,95;10,95
7897169201002;0,14;14,77
7897169201057;0,08;7,52
7898483539031;7,06;35,30
7898483533787;10,49;10,49
7898031310587;1,16;4,64
7898031310631;1,56;9,36
7898031310662;1,78;8,90
7891058021498;8,11;8,11
7897947612655;13,31;13,31
7500435122207;19,15;134,05
40232936128;8,78;70,23
7500435106597;24,32;194,56
7898964675135;14,82;103,72
7501001393991;29,67;118,68
7898100320912;8,49;50,94
7896004704623;8,65;8,65
7896004716251;5,81;11,62
7896714254784;4,62;9,24
7896004713366;12,54;12,54
7896523209111;4,39;4,39
7896023719899;9,19;9,19
7896004810188;3,76;26,32
7891035655357;2,91;2,91
7896180302040;35,64;35,64
7896180302064;49,66;49,66
7896180302095;18,92;18,92
7893454141831;14,06;28,12
7896658005312;18,00;18,00
7896015527440;6,60;13,20
7896658007088;10,45;10,45
7891045001021;32,57;32,57
7898100242900;2,59;116,55
7896006205647;10,07;20,14
7896677700281;55,62;55,62
7898414850242;21,44;21,44
7891045042703;26,67;26,67
7896004715049;5,00;15,00
7896006210900;10,93;65,58
7896472503766;6,05;6,05
7894916510202;158,49;158,49
7896523209128;4,29;8,58
7896830500147;27,57;27,57
7896658000089;42,33;42,33
7896004715902;3,16;6,32
7896685301494;18,08;18,08
7896004700984;9,24;18,48
7896685302095;39,13;39,13
7896006227014;7,50;15,00
7898430190995;33,18;33,18
7896004704999;4,48;4,48
7896658024078;24,40;24,40
7897316805404;83,85;83,85
7896862990022;12,70;101,60
7896004702049;6,87;20,61
7896658010286;10,55;10,55