7897595602473;9,28;37,12
7897316806012;40,69;40,69
7898414851744;29,59;29,59
78950047;12,36;24,72
7898040320652;19,53;19,53
7896255767026;79,50;79,50
7899824400072;44,33;44,33
7896637022316;66,56;66,56
7896658008788;12,38;24,76
7891106005524;22,25;22,25
7898414851737;29,59;29,59
7898414851966;52,68;52,68
7897411601543;18,19;18,19
7896658008887;14,96;14,96
7899824400065;24,80;24,80
7899640807192;25,46;25,46
7897129301506;31,80;63,60
7897411601567;18,47;18,47
7896658002403;84,04;84,04
7899420506185;38,52;77,04
7891000065389;19,64;39,28
7896806700045;0,67;8,04
7896061951428;2,40;2,40
7896061951350;0,76;3,80
7896672201547;41,21;41,21
7891317466350;51,08;51,08
7891142202833;16,22;16,22
7891721022579;28,81;28,81
7891058018382;38,26;38,26
7891317489595;24,39;24,39
7896007512317;17,90;125,30
7896007514311;17,90;125,30
7897316805053;81,53;81,53
7896180300213;21,04;42,08
7897316805886;12,78;25,56
1789601280083;17,25;138,03
7891317181604;15,78;15,78
7896641812545;28,90;28,90
7896094207516;47,28;47,28
7898040325206;19,76;19,76
7891024026434;4,52;22,60
7898040324438;35,70;35,70
7898040322670;43,27;43,27
7891721001970;27,37;27,37
7896676408294;20,45;61,35
7896685300190;27,49;27,49
7892828001337;34,63;69,26
7896658006760;15,44;15,44
7891721000126;22,22;22,22
7896658002212;15,10;15,10
7896094203051;31,57;94,71
7891045000895;5,99;5,99
7891024324387;1,56;18,75
7896094903272;1,91;9,55
7896227800102;2,64;92,40
7896255766319;21,69;21,69
7896830500147;28,87;28,87
7898590870201;47,17;47,17
7896317900415;25,32;50,64
7896016800917;44,34;44,34
7896637025478;50,45;100,90
7898029552128;26,06;52,12
7898029551770;67,07;134,14
7891035912405;9,88;9,88
7891035912207;15,41;15,41
7891142142221;29,26;29,26
7896251800437;25,35;25,35
7896094906778;4,61;9,22
7891058011338;12,18;24,36
7897595901859;20,92;41,84
7896676410198;16,38;16,38
7891035090066;9,39;9,39
7898087340125;38,59;38,59
7896658006043;53,09;53,09
7899420502859;20,74;20,74
7891317455569;21,22;21,22
7899420502811;14,71;14,71
7896094908697;4,58;9,16
7891317000295;37,13;37,13
7891106906944;15,18;30,35
7891010608231;0,39;11,94
7896094906310;5,30;116,62
7896009400148;35,83;35,83
7891150014145;10,69;21,38
7891150008168;10,69;21,38
7892953000328;169,51;169,51
7896422513098;41,22;41,22
7896672201493;45,36;45,36
7898118240301;11,00;22,00
7896672202681;42,60;42,60
7896009490651;31,39;31,39
7896548113479;10,34;20,68
7891721028335;39,69;79,38
7898031310365;2,93;2,93
7896015526252;17,23;17,23
650240018657;24,63;24,63
7896548198308;28,37;28,37
7897595900685;11,43;11,43
7898047850213;4,88;4,88
7898414852581;30,45;60,90
7894916508353;38,52;38,52
7898414850242;23,07;23,07
7898414850891;26,40;26,40
7897595900715;21,69;21,69
7898949409762;22,20;22,20
7896685300473;41,58;41,58
7899403504009;5,00;15,00
7795304000056;16,92;67,68
7896261014244;9,52;19,04
7896026307277;10,65;42,60
7891058019365;11,11;33,33
7897572006119;22,18;44,35
650240017926;23,53;23,53
7899706111829;54,47;54,47
7896658001864;38,31;76,62
7896015518875;39,03;39,03
7891106908221;24,58;24,58
7898949409540;5,89;11,78
650240012730;5,89;41,23
7898949409519;5,89;5,89
7891106910248;27,52;55,04
7896261018181;5,34;5,34
7891106006316;17,01;51,03
7896094905825;23,90;47,80
7898949409557;5,67;17,01
7896094207844;15,82;15,82
7896641808609;12,60;25,20
7898047851111;2,68;16,08
7896269900150;28,34;28,34
7898037080460;21,18;21,18
7896902210608;0,88;1,76
7891058004354;51,08;102,16
7898048693260;3,61;10,83
7898031311065;1,07;6,42
7896007541867;4,90;9,80
7896007541874;4,90;14,70
7891058004347;20,44;61,32
7898040322137;22,16;22,16
7896658005053;15,89;47,67
7896094910904;3,06;33,64
7891045043571;5,19;15,57
7891045040501;2,00;81,81
7896180300053;9,45;9,45
7896026155267;10,47;10,47
7896026155168;19,30;19,30
7898040321284;17,97;17,97
7896180300145;15,39;15,39
7897316804179;78,92;78,92
7613034909480;33,96;67,92
7896658001512;23,79;47,58
7896094201392;40,50;40,50
7898040324247;35,09;35,09
7896641802843;7,37;14,74
7891268404029;22,44;22,44
7898074614178;38,19;38,19
7896094206380;42,55;42,55
7891317432447;11,33;11,33
7896180300152;25,25;75,75
7897411610958;34,93;34,93
7897322714462;14,00;42,00
7613034431561;23,16;69,48
7896637025096;16,55;16,55
7896637025102;18,32;18,32
7891035650147;15,69;47,07
7891317432362;12,52;12,52
7896023719899;12,61;37,83
7896026100267;12,54;12,54
7891142130822;54,16;108,32
7896004754123;12,97;64,87
7896775364439;0,32;2,56
7898538970321;0,40;30,40
7896658021381;10,86;10,86
7891058489038;14,92;14,92
7896548140581;41,40;41,40
7896070603271;22,19;22,19
7896548197677;26,94;26,94
7898956544098;20,55;41,10
7891000003404;12,25;73,50
7897337713382;24,19;24,19
7896658021121;13,93;13,93
7891317191672;26,39;26,39
7891058011550;57,93;57,93
7896230304598;10,88;21,76
7891317411909;23,66;23,66
7896641805479;24,92;24,92
7891024179925;21,63;21,63
7896006266006;14,23;28,46
7896006268000;10,90;10,90
7896226102818;29,21;58,42
7897316806371;35,31;35,31
7898040324223;26,19;26,19
7898040321390;19,38;38,76
7891000001080;13,52;40,56
7899824400690;35,95;179,75
7891000056523;16,24;32,48
7897337713399;21,60;64,81
7897595903730;3,40;50,98
7896372500544;4,09;57,32
7896641808623;9,54;95,38
7896641805653;3,60;183,84
7896422502559;121,69;121,69
7891142177216;33,24;33,24
7896222717931;3,31;6,62
7896070601703;32,28;32,28
7891721012976;31,29;31,29
7891142177049;13,53;13,53
7891035621321;8,43;8,43
7898956544111;71,84;143,68
7891106006279;11,95;11,95
7896112432401;20,23;20,23
7898430190995;36,06;36,06
7896112453154;35,64;35,64
7891058003579;10,09;10,09
7891106908641;7,72;38,60
7896641805905;45,38;45,38
7891317177652;15,09;30,17
7898414851577;15,88;15,88
7898414851553;19,79;19,79
7896206402877;68,40;68,40
7896009400049;8,26;8,26
7896094207943;16,66;16,66
7896206402860;39,99;39,99
7896227800041;25,33;25,33
7896512911940;11,02;44,08
7898283815021;46,00;506,00
7896206402853;20,81;20,81
7896015560034;1,02;4,10
7898283815052;0,00;0,25
7896290401473;23,40;23,40
7896230304536;4,99;14,97
7891150008151;9,01;9,01
7898941911058;20,47;20,47
7896226102351;54,46;54,46
7898941911010;28,81;28,81
7897930750043;14,97;14,97
7896000705976;7,26;21,78
7896540766918;9,99;29,97
73796245283;10,95;21,90
7894916503402;9,15;18,30
7891035655357;2,91;2,91
7899824400911;36,06;36,06
7898049792511;9,89;29,67
7898941911034;28,81;28,81
7891035010842;5,86;29,30
7894916550116;8,25;16,50
7892953101865;20,29;60,87
7896015517106;3,50;17,51
7899095239487;0,55;12,19
7898948648148;39,18;39,18
7898414852420;37,31;37,31
7898948648131;44,55;44,55
7896548112908;25,45;50,90
7896658015380;39,45;39,45
7891268102062;19,95;19,95
7898414852376;45,85;45,85
7896226102542;17,83;17,83
7891058016609;17,80;35,60
7896641805776;38,16;38,16
7894916509954;45,31;45,31
7891317445737;21,59;21,59
7896226108575;18,30;18,30
7891317452933;17,89;35,78
7891317452650;17,34;17,34
7896641808647;6,99;13,98
7896226108568;25,43;25,43
7891317457211;30,37;60,74
7896548197554;27,55;82,65
7896226102504;49,10;49,10
7896658004834;7,28;7,28
7896641804465;2,08;6,23
7891137003407;0,39;100,13
7896658028922;31,14;62,28
7896658000393;32,21;64,42
7896658033094;14,78;29,56
7896658000843;52,96;52,96
7899824400928;25,95;25,95
7896658021725;26,14;26,14
7896658023354;37,83;37,83
7896658000089;42,90;42,90
7896658028366;21,16;42,32
7896658029707;65,73;65,73
7896658032585;23,81;23,81
7896658032578;51,52;51,52
7896181909439;6,42;12,84
7898941190811;2,85;8,55
7506295369523;11,48;22,96
7896540792757;74,95;74,95
7898087340040;34,45;34,45
7896548113059;15,39;15,39
7896548133613;8,03;8,03
7896548161746;25,13;25,13
7896548140284;10,41;31,23
7896548197967;57,33;57,33
7896548111727;5,43;5,43
7896548112229;12,88;12,88
7896548111987;12,03;24,06
7896548115251;42,34;42,34
7896548139585;28,89;28,89
7896548112717;21,87;43,74
7897316804810;28,45;28,45
7897316801635;7,56;7,56
7897316800300;28,83;57,66
7897316802830;36,03;36,03
11;13,95;27,90,09
7896641800023;11,51;23,02
7896641800016;17,57;17,57
7896641804588;12,94;38,82
7896641802850;9,03;54,18
7896641804663;18,65;18,65
7896641805912;41,05;41,05
7896641801792;40,06;40,06
7898299570013;1,60;6,40
78912345670;3,25;52,00
7896637023238;26,47;26,47
7898277713623;14,66;58,64
7898277712688;5,67;17,01
7898277713265;6,10;24,40
7898277712954;3,31;13,24
7898277712527;4,18;29,26
7898277713142;4,68;18,72
7898277713173;8,04;24,12
7898277713678;2,39;14,34
7898277710332;2,24;13,44
7898299570716;1,73;8,65
7896331704006;10,90;32,70
7896331706987;15,90;79,50
7896331705362;15,49;15,49
7896331706994;20,90;41,80
4005900308719;38,28;76,56
4005808315697;11,99;11,99
4005900477859;33,22;99,66
4005808555260;10,99;10,99
4005900429643;7,49;22,47
4005900547170;7,49;22,47
42176763;19,99;59,97
4005900477545;39,97;39,97
4005900359261;15,43;15,43
4005900498205;10,50;31,50
4005900095268;6,00;18,00
4005808513550;6,00;12,00
7898079000150;3,03;12,12
7896018700710;6,68;6,68
7896007547401;26,90;80,70
7896007547623;16,90;16,90
7896007547616;16,90;33,80
4005900130785;4,99;9,98
7898277710394;3,31;9,93
7898277710387;3,31;13,24
4005808555345;30,50;61,00
4005808555352;30,75;30,75
4005808772568;30,99;61,98
7898079000235;6,73;33,65
7898079000334;2,78;19,46
7898079000501;2,39;14,34
7898079000358;2,78;16,68
7898079002703;3,90;39,00
7898079000105;3,90;27,30
7896018700369;1,68;3,36
7896018700307;6,83;6,83
7896026303002;17,42;34,84
7896046300036;12,29;12,29
7891106006507;25,77;25,77
7891106905916;20,68;41,36
7891106907286;23,20;23,20
7891106907293;16,48;16,48
7891106004213;6,56;65,62
7891106911337;21,46;85,84
7891106006330;15,47;15,47
7891106006132;13,94;13,94
7891463006615;0,88;2,64
382904918019;2,29;38,86
7897146600255;3,17;3,17
7898126408687;24,20;24,20
7898126403644;15,20;15,20
7898126400346;16,98;50,94
7898126409516;26,36;26,36
7898126403613;15,96;15,96
7898126403637;15,96;15,96
7898126403675;15,96;31,92
7898126407314;16,36;32,72
7898126400728;15,31;30,62
7898126409486;19,57;19,57
7898126407604;18,67;18,67
7898126402876;15,25;30,50
7898126407048;20,51;41,02
7898126409493;20,60;20,60
7898126400353;16,98;50,94
7898126403972;23,26;46,52
7898126407031;18,60;18,60
7898126404306;18,03;18,03
7898126404276;18,03;18,03
7898126404269;18,03;18,03
7898126404283;16,67;16,67
7898126407024;27,46;54,92
7898126407000;27,46;54,92
7898126407017;27,46;54,92
7898126405907;34,51;34,51
7898126404962;20,44;40,88
7898126404924;20,44;40,88
7898126404948;20,44;40,88
7898126404887;20,44;40,88
7898126404900;17,07;17,07
7898126407673;19,09;19,09
7898126409394;7,07;14,14
7898126408663;17,07;34,14
7898126408335;17,07;34,14
7898126408427;17,07;34,14
7898126408403;17,07;34,14
7898126408267;17,07;34,14
7898126408595;17,07;34,14
7898126408601;17,07;34,14
7898126408205;17,07;51,21
7898126408212;17,07;51,21
7898126408281;17,07;51,21
7898126408564;17,07;51,21
7898126408250;17,07;51,21
7898126408243;17,07;51,21
7898126408199;17,07;51,21
7898126408182;17,07;34,14
7898126408656;17,07;17,07
7898126408236;17,07;17,07
7898126407666;18,74;37,48
7898126407659;18,74;37,48
7898126400070;36,44;36,44
7898126400674;36,44;36,44
7898126407918;36,44;36,44
7898126409011;39,72;39,72
7898126409363;7,07;7,07
7898126409387;7,07;7,07
7898126408229;17,07;17,07
7898126408298;17,07;34,14
7898126409554;8,20;278,80
7898126408649;17,07;17,07
7898126408274;17,07;34,14
7898126408632;17,07;34,14
7898126408359;17,07;34,14
7898126408410;17,07;34,14
7898126402562;42,53;42,53
7898126403514;42,53;42,53
7898126409707;29,78;29,78
7898126405310;25,62;51,24
7898126400148;19,90;19,90
7898126400414;14,84;29,68
7898126400278;16,46;32,92
7898126400261;16,46;32,92
7898126403095;15,86;31,72
7898126409714;13,95;27,90
7898126404092;19,32;57,96
7898126404061;19,32;57,96
7898126404054;19,32;57,96
7898126404078;17,86;53,58
7898126401169;19,90;19,90
7898126404771;17,20;17,20
7898126404788;15,90;15,90
7898126409608;20,28;20,28
7898126404177;17,48;52,44
7898126404207;17,48;52,44
7898126404191;17,48;52,44
7898126404184;19,51;58,53
7898126407796;14,84;44,52
7898126407772;16,46;49,38
7898126407789;16,46;65,84
7898126409509;27,08;27,08
7898126401206;21,71;43,42
7898126409004;15,06;30,12
7898126409165;26,82;26,82
7898126409035;15,89;15,89
7898126408953;16,62;33,24
7898126408977;16,62;33,24
7898126404160;17,48;34,96
7898126401190;16,16;32,32
7898126407802;15,86;31,72
7898126409462;20,60;20,60
7898126409523;20,90;41,80
7898126409158;26,82;26,82
7898126404986;20,44;40,88
7898126404023;28,09;56,18
7898126406270;23,73;47,46
7898126405792;26,57;53,14
7898126403538;22,02;66,06
7898126406287;27,41;27,41
7898126406294;29,30;29,30
7898126406881;24,89;24,89
7898126407109;34,69;34,69
7898126403552;19,60;19,60
7898126400247;18,20;36,40
7898126405846;24,89;24,89
7898126405815;26,57;26,57
7898126405839;22,16;22,16
7898126403491;16,16;16,16
7898126406713;12,90;38,70
7898126400933;16,60;16,60
7898126400087;16,40;49,20
7898126403057;20,90;20,90
7898126405891;7,17;7,17
7898126405914;7,17;7,17
7898126402227;24,68;24,68
7898126400131;22,35;44,70
7898126400254;18,20;36,40
7898126400117;21,91;21,91
7896112448358;14,41;86,46
7896241270363;23,62;23,62
7896241241394;27,15;27,15
7896112486787;38,77;38,77
7896241225523;18,37;18,37
7896241225127;25,01;50,02
7896241225257;13,55;13,55
7896112422136;41,35;41,35
7896241274903;7,77;15,54
7896112422211;79,08;79,08
7896112470526;38,89;38,89
7896241231630;19,85;19,85
7896241231616;19,59;19,59
7896112421498;27,55;27,55
7896112423041;23,57;23,57
7896181915188;31,38;31,38
7896181913542;20,29;20,29
7896181907176;24,19;24,19
7896181915171;15,95;15,95
7896181916086;20,02;40,04
7896181916062;13,29;13,29
7896658012419;58,77;58,77
7896658023323;37,83;37,83
7896181918691;76,33;76,33
7896181907275;17,02;17,02
7896026300315;11,50;46,00
7896026301428;11,64;81,48
7896026307079;3,49;45,37
7896026302784;17,59;35,18
7896026300162;5,31;10,62
7896026300247;5,44;10,88
7896026300216;15,87;31,74
7896026300537;25,80;25,80
7898100242900;4,14;28,98
7898100241804;0,70;66,84
7898100243143;3,68;11,04
7898100243112;8,34;33,36
7898100240432;7,35;51,45
7898100243174;4,56;9,12
7898100240777;1,32;7,92
7898100240791;0,44;49,33
7898048692737;8,68;17,36
7898168001259;6,96;6,96
7898168001242;3,86;11,58
7896699016759;3,74;11,22
7898557143249;2,39;4,78
7896699015974;6,89;6,89
7896186002555;0,19;26,59
7896699010672;6,00;18,00
7891899083105;0,72;0,72
7898179710065;0,90;24,29
7896902210813;3,04;9,12
7898118240264;5,69;17,07
7898118240059;0,16;4,32
7898926212330;16,43;32,86
7896902205758;2,08;12,48
7891463006615;0,33;15,51
7896902211803;1,53;9,18
7898126050091;1,99;75,62
7891800000696;3,17;28,50
7898118240127;11,00;11,00
7898118240042;9,18;55,08
7898118240295;5,69;17,07
7898283815038;0,71;2,84
7896672201424;33,44;33,44
7898158690395;4,99;9,98
7898158690401;5,70;11,40
7898505091349;1,48;5,92
7898158693112;4,42;8,84
7898495603843;26,58;292,38
7898158693129;4,51;9,02
7898495609487;42,74;42,74
7898495609364;33,30;33,30
7898495609739;21,50;21,50
7898495609340;47,68;47,68
7898495600552;9,11;18,22
7898505090281;24,81;99,24
7898495605083;37,87;37,87
7898495608145;64,66;64,66
7908020500216;58,02;58,02
7898956544081;34,76;34,76
7898495607322;93,78;93,78
7898495607315;53,02;53,02
7898495608329;15,33;15,33
7897947606913;13,19;26,38
7897947614758;23,95;71,85
7897947613751;28,46;85,38
7897947612341;18,58;55,74
7897947613188;26,99;80,97
7897947612891;20,82;83,28
7898075315340;17,41;52,23
7897947604384;8,99;26,97
7897947606500;10,69;53,45
7897947606517;10,76;64,56
7896523206790;5,26;10,52
7897947610958;7,99;7,99
7896523208770;2,44;24,40
7896523220352;23,09;23,09
7897947611023;20,15;40,30
7896523211855;2,19;4,38
7896523212524;2,72;62,56
7896523209647;4,41;52,92
7896523200576;3,79;11,37
7897947612099;3,30;13,20
7896523210414;0,86;0,86
7897947606883;4,99;19,96
7896523215952;8,39;8,39
7897947613669;10,90;43,60
7897947612730;10,46;20,92
7897947612273;8,19;24,57
7896523216034;6,99;6,99
7896523209111;4,39;17,56
7896523215747;2,45;17,15
7896523213569;2,99;35,88
7897947613898;6,50;19,50
7896523202600;1,39;8,34
7896523207964;3,96;23,76
7898075317108;5,49;21,96
7896523209173;3,51;42,12
7896523215273;8,52;119,28
7897947613942;34,90;69,80
7897947613003;44,00;44,00
7897947613584;34,90;34,90
7897947612976;28,00;84,00
7897947613935;34,90;34,90
7891024116128;5,99;11,98
7891024134702;2,24;11,20
7891055538418;35,06;70,12
7891055538517;35,06;35,06
7896317900200;22,41;22,41
7897572000230;25,08;25,08
7896016801501;13,24;13,24
7896016804915;15,59;15,59
7898040323141;20,23;20,23
7898928865015;7,22;21,66
7898928865039;7,22;36,10
7898928865022;7,22;28,88
7898064035976;11,75;58,75
7891800364965;4,39;4,39
7896544910102;5,39;26,95
7896544925014;1,09;3,27
7896544900158;4,10;12,30
7896544900073;1,36;2,72
7896544900097;1,60;1,60
7896544900165;2,54;5,08
7896544925458;1,79;5,37
7891800172409;3,73;7,46
7891800341966;1,97;3,94
7891800341935;0,11;1,60
7891800001426;36,30;36,30
7891800205916;2,42;12,10
7891800386776;6,45;135,45
793573958372;0,40;38,00
7896676402568;23,15;46,30
7896676401776;11,25;33,75
7896676421897;26,53;26,53
7896676408157;4,81;9,62
7897411601529;17,17;17,17
7897411601505;17,65;17,65
7897411610675;49,40;98,80
7897411610668;40,56;40,56
7897411610606;39,94;39,94
7898162880935;35,81;35,81
7896026130004;9,89;9,89
7898096577857;41,73;41,73
7897169201057;0,00;0,06
7896012800706;5,84;11,68
7896067305454;6,90;13,80
7899640807178;11,98;35,94
7896637028523;33,74;67,48
7896255765466;30,16;30,16
7896067302088;6,90;6,90
7898336433073;15,57;31,14
7898336433028;15,57;31,14
7898336438030;24,62;24,62
7898336431499;21,83;43,66
7898336431482;21,83;43,66
7891024037485;14,77;14,77
7898336431475;21,83;21,83
7896181907497;44,76;44,76
7896637028479;24,93;24,93
7897337707626;85,52;85,52
7896004726557;17,82;17,82
7897158723003;12,47;24,94
7895858015671;12,08;12,08
7898277712473;9,45;9,45
7898495609203;25,83;51,66
7896212452521;21,58;21,58
7899304808824;21,00;21,00
7899304809296;21,00;21,00
7896212452514;13,30;39,90
7895858015664;7,89;31,56
7895858015688;7,89;23,67
7898495609791;24,43;24,43
7891010655129;9,55;28,65
7898524341319;26,45;79,35
7897042013838;9,16;27,48
7897042013845;9,16;27,48
7897042013289;9,16;27,48
7896094916227;12,74;114,66
7891010246846;11,53;11,53
7891010913908;21,11;21,11
7891172172021;4,40;13,20
70330710221;2,21;17,72
7896094916289;4,72;66,08
7898064035631;26,75;107,00
7898064035563;19,17;76,68
7898064036416;26,75;80,25
7898919412341;3,98;15,92
78922686;3,97;15,88
7896914001200;8,90;8,90
7898133019166;19,17;76,68
7501006725735;18,39;147,12
7500435000499;14,14;28,28
7500435000482;14,14;28,28
7506195196489;14,14;28,28
7896676408218;42,18;42,18
7500435122177;20,18;80,72
7500435117791;11,72;93,76
7896914001195;8,90;8,90
7896422500852;25,94;25,94
7895800303320;0,77;6,16
7898953823622;21,95;131,70
7897572000896;31,99;31,99
7898064036393;19,17;76,68
7891106001762;47,57;47,57
7896046700584;20,00;60,00
7896331706321;19,99;79,96
7896914002444;7,99;71,91
7898064035648;26,75;80,25
7500435106597;22,52;157,64
7898941190453;4,09;24,54
7501007498683;6,28;113,04
7896012877456;16,20;32,40
7891350032116;7,96;31,84
7500435000505;12,98;64,90
7898953823646;21,95;65,85
7898953823608;21,95;87,80
7898064035617;19,17;38,34
7896261016262;136,71;136,71
7896914001751;7,99;71,91
7898919412358;3,98;11,94
7896007511907;29,90;179,40
7898924640012;0,99;3,96
7896914002697;23,99;71,97
7896115703119;6,09;12,18
7891058021689;13,00;39,00
7896012800430;16,20;210,60
7500435122207;20,18;60,54
7896094901810;3,98;7,96
7896012800416;16,20;97,20
7896914001201;7,99;15,98
7898039564630;21,99;395,82
7898924640043;3,44;6,88
7892828001375;22,43;44,86
7898162881550;20,31;81,24
7896012800423;16,20;48,60
7893694031312;2,73;2,73
7500435122184;20,18;40,36
7500435122191;20,18;100,90
7898953823950;15,94;63,76
7898953823967;15,94;95,64
1789611000569;26,13;235,19
7896110005706;26,13;235,19
7896110005706;28,43;28,43
1789611000564;26,13;78,40
7500435106566;3,22;12,87
1789601280084;17,25;138,03
1789611000566;15,26;259,36
1789611000569;15,26;274,62
7896110005638;18,09;36,19
7896007550166;3,63;43,50
7896012877869;11,83;35,50
5900273001566;4,50;4,50
7898946433500;46,53;46,53
7896015591113;11,84;23,68
7898617371612;13,00;26,00
7898336436173;33,58;33,58
7898937861671;61,76;61,76
7891142144447;51,84;51,84
7896658033056;14,66;14,66
7891024008799;4,53;9,06
7702018951123;9,16;9,16
7896015590932;10,33;20,66
7793100151071;14,73;14,73
7896015590987;16,16;32,32
7891350034066;2,46;12,30
7897144661197;8,15;32,60
7891182810326;2,46;14,76
7891182030953;2,46;14,76
7891182810012;2,46;14,76
7891158100239;33,25;33,25
7891182015011;3,33;16,65
7891182014755;2,46;12,30
7891182996341;2,46;12,30
7891350034301;2,46;17,22
7891350034288;2,46;17,22
7891350034295;2,46;19,68
7891058017446;12,81;12,81
7891350034080;2,46;9,84
7898118241735;1,65;18,15
7891182820011;2,46;9,84
7899640806980;25,44;25,44
7891182015752;2,46;12,30
7891350034325;2,46;14,76
7891350034073;2,46;7,38
7891350034097;2,46;4,92
7891182020145;2,46;7,38
7891182830027;2,46;12,30
7898118240240;7,45;22,35
7891182996501;2,46;4,92
7891350034059;2,70;10,80
7891182016933;2,46;2,46
7891182014878;2,46;7,38
7896637023146;15,87;15,87
7896046701093;18,50;18,50
7891182019880;2,46;9,84
7896444211118;2,75;8,25
7898118241735;7,83;7,83
7891182020916;2,46;12,30
7891182050081;3,40;13,60
7898602620503;10,50;31,50
7501001104191;8,73;8,73
7891182991971;3,40;13,60
7891182014816;2,46;7,38
7891182020350;2,46;9,84
7891350034318;2,46;19,68
300410826154;14,17;85,02
75062613;4,02;16,08
7891182032995;2,34;2,34
7891182015561;3,85;7,71
7899661723341;1,85;1,85
7899661704913;2,45;4,90
7899661713199;2,45;7,35
7899661723532;1,83;11,00
7899661727028;1,83;11,00
7899661723518;1,83;11,00
7899661723495;1,83;11,00
7899661704470;2,45;2,45
7899661707969;2,45;2,45
7899661726991;1,98;1,98
7899661726977;1,98;9,92
7899661704425;2,25;13,50
7899661704487;2,25;13,50
7899661730998;2,33;14,00
7899661731001;2,33;14,00
7899661730936;2,33;14,00
7899661726939;1,98;3,97
7891106912471;4,38;43,75
7899536100864;2,86;31,50
7899536101328;2,86;28,63
7899515605496;4,79;9,57
7896094914155;1,93;57,82
7898636190645;0,01;0,01
7896094906655;5,01;15,03
78924338;5,39;10,78
1405831509194;50,00;100,00
7898108612262;3,65;14,60
7891058017156;23,68;23,68
7898029551848;97,54;97,54
7899824400980;37,47;37,47
7896180300237;39,34;39,34
78924239;3,10;3,10
7896094907164;38,15;114,45
7898919411429;8,54;51,24
7898919411917;7,07;14,14
7896094901957;26,79;53,58
78924413;5,52;5,52
7896112400554;48,67;48,67
7896094907157;21,67;21,67
7898919411931;7,07;21,21
7896150012825;6,00;60,00
7898919411924;7,07;14,14
7896112101345;1,64;1,64
7896004705446;5,04;20,16
7506306241169;9,37;65,59
7893454100654;8,22;16,44
7896658003226;12,39;24,78
7898108611708;8,85;35,40
7898108611791;8,85;44,25
7898108612460;8,43;8,43
7896112400134;23,95;23,95
7891058021528;5,09;5,09
4005900396938;8,74;17,48
78927254;8,40;16,80
7898108611616;1,44;36,00
7896115110870;13,50;54,00
7898108612149;1,44;43,20
7500435135061;5,36;21,44
7500435135047;5,36;21,44
7898956544340;29,47;88,41
7896262304306;1,11;2,21
7895800300145;0,61;12,80
7895800303313;0,61;5,47
7895800300381;0,61;10,33
7898524348127;9,56;19,12
7898524348141;9,56;19,12
7898524341913;9,56;9,56
7898919412068;10,00;20,00
7896000717528;10,00;20,00
7896015520045;11,39;11,39
7899706133418;6,27;12,54
7899026487208;6,27;12,54
7898587764926;6,27;12,54
7891150051928;7,80;7,80
7896012800867;8,65;34,60
7898524342101;9,56;9,56
7896240700786;11,70;35,10
7898336433127;15,57;15,57
7898336433134;15,57;15,57
7898336433059;15,57;15,57
7898336431833;138,58;138,58
7898336431796;145,30;145,30
7891024161821;5,49;10,98
7896013539155;10,98;10,98
7896916782276;8,90;17,80
7896916782344;8,90;17,80
7891182016346;14,38;43,14
7891182016360;14,38;43,14
7891182016247;14,38;43,14
7898535663103;6,80;6,80
7896727911988;5,60;11,20
7896018700383;8,05;16,10
7898524348158;9,56;9,56
7891350011623;4,49;8,98
7898567750253;11,30;11,30
7500435125413;7,70;7,70
7896512911391;13,21;13,21
7896699030298;16,09;16,09
7896699023863;9,29;9,29
7891150056565;4,39;17,56
7891182016384;14,38;28,76
7891182016391;14,38;28,76
7500435125376;7,70;23,10
7891158102950;21,75;43,50
7898108640050;0,54;2,70
7891182016278;14,24;42,72
7896240700731;11,65;23,30
7896018700765;8,42;8,42
7896916782306;8,90;17,80
7891024172537;5,49;5,49
7898414852604;33,27;33,27
7896181920410;7,23;7,23
7898031310853;9,03;18,06
7896023792199;18,82;18,82
7896085865671;6,07;6,07
7896015591007;8,06;16,12
7898108641002;0,67;72,36
7896085840104;7,50;22,50
7896085865688;7,50;30,00
7897042012312;5,55;16,65
7897042012473;5,55;16,65
7897042012732;5,55;16,65
7898623955011;8,80;52,80
7891024033715;2,10;2,10
7891800197549;1,36;28,56
7500435125451;9,00;18,00
7500435125499;9,00;18,00
7896020153757;6,41;6,41
7891200011667;1,00;8,03
7891142136596;6,13;110,35
7898266220019;0,35;14,10
7898953484014;0,30;39,47
7898266220149;0,21;37,11
7894916508360;38,15;38,15
7891010245153;40,71;81,42
7898207470268;372,39;372,39
7898207470268;181,10;724,40
7891010245146;22,66;22,66
7898336432625;66,62;66,62
7895858017149;26,53;53,06
7898101640354;4,20;25,20
7898157726804;1,60;3,20
7898157723193;1,60;3,20
7894916509305;51,61;51,61
7898250140828;1,58;12,64
7794728011655;11,40;34,20
7898148045402;5,00;25,00
7898941190620;2,24;13,44
7898941190682;3,40;10,20
7898941190101;2,03;6,09
7898941190910;3,52;14,08
7891142118073;24,14;24,14
7899403504009;5,00;15,00
7896112113669;5,52;5,52
7898148045402;4,00;36,00
7896112110477;5,41;10,82
7898941190071;2,24;8,96
7898522372308;3,50;14,00
7898535663745;7,10;14,20
7898553235740;10,50;52,50
7898157726811;1,60;4,80
7895144899947;0,81;5,68
7622300991517;3,75;59,97
7895800201503;0,84;26,19
7895800400173;0,84;16,90
7895800400159;0,84;17,74
7895800400227;0,84;17,74
7895800430002;0,80;8,83
7895800304211;0,88;12,29
7895800304228;0,84;19,43
7891000464915;0,79;20,46
78913547;0,51;13,24
7891106000956;25,33;25,33
7795320008791;50,26;50,26
650240012747;3,97;3,97
7891317420840;19,30;19,30
7897316801178;18,09;18,09
650240012716;6,56;13,12
7896342453269;15,99;15,99
7891025112655;23,33;23,33
7897572006324;25,11;25,11
7896026171182;15,10;15,10
7896472513314;3,25;26,00
7896359019021;11,69;11,69
650240018725;18,28;18,28
7898636191086;12,55;12,55
7898636191093;15,86;31,72
7896094915060;20,64;20,64
7896026171199;2,32;13,92
7896226101156;66,63;66,63
6295125003416;10,43;146,02
7894916144223;3,70;3,70
8903855076034;20,11;40,22
7897595602572;1,03;1,03
7898563804110;5,58;5,58
7898524346246;7,98;15,96
7896522035223;14,00;42,00
7896522035209;14,00;42,00
7896522035230;14,00;42,00
7896522035261;14,00;42,00
7898636191079;11,81;23,62
7898524348639;8,24;57,68
7894916144216;3,03;3,03
7891106912167;10,27;41,08
70330713406;3,71;11,14
7500435011303;5,56;44,46
7702018072439;3,97;31,74
7896067200551;5,27;52,70
7898172860057;1,20;2,40
70330709485;3,54;24,79
70330717565;2,89;14,45
7891010974930;2,97;53,45
7891010974923;2,97;32,66
7898904642333;0,89;16,02
7898904642418;0,89;16,91
7898904642067;0,89;20,47
7896094903036;6,37;114,73
78912359;0,61;36,62
7896006210429;1,77;79,68
7891334109018;0,10;24,90
7896007540631;1,93;1,93
7506306244184;8,08;88,88
7898037080286;14,23;14,23
7500435118521;10,98;10,98
7896004720210;16,70;33,40
7891899085406;2,31;2,31
7891060800401;26,00;26,00
7891150055605;8,08;88,88
7898108612385;1,94;1,94
7894916140485;8,49;16,98
7891182016865;13,11;13,11
7891182016728;13,11;39,33
7891106912754;8,69;8,69
7891106912761;10,93;10,93
7791293035000;5,01;10,02
7791293035215;5,01;35,07
4015630064250;42,34;42,34
4015630064205;21,07;21,07
7896290402326;16,50;16,50
7896007546459;13,65;40,95
7894916143868;26,41;26,41
7896004722146;6,31;6,31
7891182016735;13,11;13,11
7892828000019;6,71;13,42
7891010973483;2,09;10,45
7898255676773;6,00;6,00
7896279102490;5,50;16,50
7791293035222;5,01;40,08
7791293033235;9,10;100,10
7896001250772;11,74;46,96
7891150054646;8,05;152,95
7891350034622;4,97;59,64
1789609490602;36,66;36,66
7891350034639;4,97;74,55
7898906414501;1,18;21,24
7896110007908;1,79;8,95
7896007547685;3,75;30,00
7898029550339;47,49;47,49
7891350034646;4,97;39,76
7506306244177;8,08;88,88
7896641807763;34,35;68,70
40232710827;2,00;6,00
7898919411900;4,97;64,61
7891060807622;5,50;16,50
7891060807646;5,50;16,50
7891060800463;5,50;16,50
7898077572550;3,15;44,10
7891106904155;75,08;75,08
7891350034615;4,97;39,76
7891350034653;4,97;49,70
7896020160151;7,07;7,07
7896001210097;4,42;22,12
7896001210103;8,66;8,66
7896094906020;2,80;8,41
7891058021665;2,81;61,92
7898283814239;0,00;0,59
7896699007771;9,58;9,58
7896026120425;25,35;25,35
7896033211093;19,03;19,03
7896033211086;19,03;19,03
7898934955748;56,80;170,40
73796801281;119,90;119,90
7898108612101;12,67;38,01
7898336431659;18,86;37,72
7898336434964;18,86;37,72
7896094208407;28,35;28,35
7896472518838;2,79;2,79
7898602620121;12,99;25,98
7898602620350;12,99;38,97
7896637023665;12,27;12,27
7891721023545;21,20;21,20
7891317438975;26,00;26,00
7896699030229;13,93;13,93
7893454101569;25,86;25,86
7891035650123;18,61;18,61
7898336430386;29,10;29,10
7898336430362;29,10;29,10
7896094916135;33,96;33,96
7891000251256;39,59;39,59
7896112148661;16,59;16,59
7898903991951;4,74;18,96
7896714273525;11,15;11,15
7894916141345;3,96;23,76
78905108;6,52;19,56
7898958119676;4,14;28,98
7891058021559;15,07;15,07
7899640807277;3,78;41,53
7891000012109;3,51;45,61
7891045039987;4,29;60,08
7896714273532;3,73;18,65
7896714272665;1,49;14,90
7898283814680;0,34;33,58
7896862917883;1,04;16,59
7896422506601;5,51;5,51
7897572000803;16,31;16,31
7896094916203;44,24;44,24
7899640804993;18,30;18,30
7896026120555;15,11;15,11
7899026478909;16,92;16,92
4005900328465;3,79;11,37
4005808539680;14,29;28,58
7896641801839;52,30;52,30
7891158104237;18,82;18,82
7891239026458;13,20;13,20
7899824400546;38,61;38,61
4005900207296;16,45;16,45
4005900592231;38,96;38,96
4005900549266;16,79;16,79
7896230300941;5,57;5,57
7896641809170;69,47;69,47
7894916503631;19,38;19,38
7891158104206;18,82;18,82
7890704810738;5,99;17,97
4005900160195;5,99;17,97
4005900635525;4,36;17,44
4005900635471;4,36;21,80
4005900635495;4,36;26,16
4005900635501;4,36;26,16
7894916140393;4,10;24,60
1000791111;0,02;4,96
7891000259047;4,66;27,96
4005900328472;3,99;7,98
7891058015756;16,58;49,74
7896999607701;5,30;21,20
7895858015824;13,57;13,57
42277217;7,82;23,46
7898957390090;4,64;55,68
7898238650776;3,60;61,17
7898238650769;3,60;64,77
7898238650288;2,52;42,82
7898238650141;1,44;1,44
7898238650028;1,44;23,03
7898238650158;1,44;2,88
7898238650097;0,72;1,44
7898238650103;0,72;16,56
7898238650134;1,44;5,76
7898238650035;0,72;2,16
7898238650073;0,72;15,84
78910041;0,51;30,83
7896902221000;0,64;20,39
7896714230245;7,00;14,00
7898938779630;1,43;1,43
7898336432908;19,62;19,62
7896046390020;11,93;11,93
7899640807994;50,74;50,74
7891024130940;7,69;7,69
7898079003021;1,71;1,71
7891024136096;7,69;15,38
7896359027422;3,08;9,24
7898903991906;2,08;6,24
7898903991913;2,32;6,96
7898903991999;3,69;11,07
650240030499;89,19;89,19
7898903991920;2,32;4,64
7899536100208;6,50;45,50
7898238650189;11,68;11,68
7896094917385;32,66;32,66
78902312;8,73;8,73
7896359027446;3,08;3,08
7891010892753;60,45;60,45
7898079002956;3,99;3,99
7894650005712;11,67;35,01
7898079001331;5,49;32,94
7898079000310;2,78;30,58
7896222720290;4,02;24,12
7898238650820;14,44;14,44
7896007200504;0,72;6,48
7898553230042;13,90;41,70
7896007541959;2,47;4,94
7896000716781;8,14;8,14
7896067202265;3,78;26,46
7896067202241;3,22;12,86
7898238650813;4,69;4,69
7898079002819;2,57;5,15
7896007200351;3,72;26,04
7896902208469;1,89;15,12
7896222717948;2,85;14,24
7896222716279;2,49;9,95
7898238650790;4,68;42,16
7898238650684;2,16;2,16
7898238650264;2,16;8,63
7898238650127;1,44;1,44
7891000460214;0,75;21,87
7899026487178;5,35;10,70
7500435125420;6,78;13,56
7890541590442;21,75;21,75
7890541590459;21,75;21,75
7890541590435;21,75;21,75
7890541590329;21,75;21,75
7890541590312;21,75;21,75
7890541221025;19,37;19,37
7891109883044;15,72;15,72
7891109885284;15,72;31,44
7890541001108;17,44;34,88
7890541106537;18,61;18,61
7891109885918;15,72;15,72
7890541106735;18,61;18,61
7891109885925;15,72;15,72
7891224957378;16,01;16,01
7890541342768;14,49;14,49
7890541342775;14,49;14,49
7891224957347;16,01;16,01
7891224957361;16,01;16,01
7896018700376;1,68;1,68
7898587764889;5,35;5,35
7890541221056;19,37;19,37
7896916782269;7,15;14,30
7896916782337;7,15;14,30
7890541342782;16,65;16,65
7896046701581;7,10;14,20
7891109885901;15,72;15,72
7891266542068;15,48;15,48
7896359008032;1,85;5,55
7890541017888;17,50;52,50
7890541017871;17,86;17,86
7890541076298;17,86;35,72
7890541786876;23,80;71,40
7891224912582;25,20;25,20
7890541132482;25,20;25,20
7890541132468;25,71;77,13
7890541341778;16,65;16,65
7890541341808;16,65;16,65
7891224912568;25,20;25,20
7896020153931;5,13;5,13
7890541132475;26,00;52,00
7890541786883;23,80;23,80
7890541017895;17,50;35,00
7891266542051;15,48;15,48
7896015590970;10,21;10,21
7890541221063;19,37;38,74
7891150060241;3,13;9,39
7891150013919;6,26;18,78
7891150029309;6,34;19,02
7890541076304;17,86;17,86
7890541076335;17,57;17,57
7890541341792;16,65;16,65
7897664171442;4,60;9,20
7896018700338;8,52;34,08
7896916782290;7,15;14,30
7896018700741;8,51;51,06
7896085864186;5,65;5,65
7891024115848;6,94;20,82
7891024036983;6,94;20,82
7896512922458;12,39;24,78
7898590441845;10,50;21,00
7891150060265;3,13;6,26
7890541017901;17,50;17,50
7898299570891;1,15;12,65
7891010610241;1,11;2,22
7500435125468;7,48;14,96
7500435125505;7,48;14,96
7500435125383;7,48;22,44
7500435114370;17,45;17,45
7891010691448;1,16;4,63
7891010247409;1,06;6,39
7891024034781;1,10;8,81
7891024034880;1,10;4,41
7898422746827;2,24;26,87
7891024038819;1,65;1,65
7898259490825;0,50;50,00
7898283815090;0,35;24,15
7898095960513;10,00;20,00
7898095960230;10,00;20,00
7896902218567;0,65;15,60
7897322714288;28,70;28,70
7898947385778;36,42;72,84
7896004727448;8,66;17,32
7896007547913;6,90;41,40
7896676428681;30,09;30,09
7896012877722;5,84;11,68
4015400763697;8,71;52,26
7898336434537;36,38;36,38
7898336434544;36,38;72,76
7898336434650;25,36;25,36
7898336434629;25,36;25,36
7891010033415;16,51;33,02
7891024161814;4,74;4,74
7500435024761;13,85;27,70
7896770979249;8,27;16,54
7897322709789;39,88;39,88
7896544700581;26,00;78,00
7896544700543;26,00;78,00
7702031416098;9,88;19,76
7896115703850;5,76;28,80
7898238650400;10,96;21,92
7896006214946;13,70;13,70
7891182016773;13,11;13,11
7896999608159;8,00;24,00
7896999608425;8,00;24,00
7898238650738;9,41;9,41
7898238650356;10,96;10,96
7896112400608;33,70;33,70
7898133135163;6,73;26,92
7898947385730;15,88;47,64
73796343620;15,68;15,68
7896049504714;4,25;8,50
7891182016469;12,98;12,98
7896112145714;19,95;19,95
7898238650493;10,95;10,95
7898941912123;19,01;19,01
7898238650332;10,95;10,95
7898238650912;10,95;10,95
7898238650509;10,96;10,96
7898238650424;10,96;10,96
7891058021931;36,05;36,05
7898238650387;10,96;21,92
7896138700072;2,07;43,47
7898039566290;2,29;77,86
7898953823226;6,46;25,82
7898238650707;3,29;9,87
7898238650745;3,65;14,59
7898238650554;2,56;2,56
7896548198162;26,61;26,61
7899640807512;29,76;29,76
7896658025532;37,72;37,72
7898430191206;69,58;69,58
7898336433097;15,57;15,57
7898336433035;15,57;15,57
7898336433080;15,57;31,14
7898336430881;21,45;42,90
7897316805442;47,34;47,34
7899824401055;32,45;32,45
7898901947271;2,68;21,44
7896255717885;11,27;22,54
7898535663226;5,00;15,00
7898535663233;5,00;5,00
742832702119;0,80;7,20
7896094206410;47,48;47,48
7896261000261;26,70;53,40
7896261021051;27,61;55,22
7891058021498;8,80;8,80
7891137003827;7,45;67,07
7896093002181;1,87;14,99
7896212406043;4,22;80,16
7891137004060;2,48;66,92
7896094903234;2,45;14,73
7896094901582;12,34;12,34
7896094901612;25,10;25,10
7896094901254;5,05;111,00
7896094903067;20,64;20,64
7891104193087;5,93;118,58
7896094904156;5,64;5,64
7898939082609;6,79;20,37
7896806700021;2,40;24,00
7896806700038;3,54;7,08
7897169203891;0,22;6,30
7891150028425;8,53;17,06
7896007543908;14,50;29,00
7897214700023;1,94;17,46
7893694045319;4,05;8,10
7896679223672;4,85;4,85
78907867;4,00;16,00
7896007549689;26,90;269,00
7898281620559;72,00;72,00
7896007513314;17,90;53,70
78914971;3,96;15,84
7896007549672;26,90;269,00
7896007549696;30,42;30,42
7898281621174;7,81;62,48
7896007549665;20,02;340,26
7896770900397;9,45;37,80
7896770900403;9,45;122,84
7896007549658;20,02;300,23
7896770979812;9,45;56,69
7896770902599;11,76;105,81
7896770900540;11,76;105,81
7896007549641;20,02;140,11
7893300521145;10,10;10,10
7891182020930;1,85;1,85
7891182810142;14,02;28,04
7891182033527;2,46;14,76
7891182036757;13,22;13,22
7891182991858;12,61;12,61
7891182023115;3,58;17,90
7891182996846;12,61;25,22
7891024316603;10,49;10,49
7891182032353;2,46;7,38
7891182014601;2,46;7,38
7891182840019;2,34;4,67
7896111932421;1,78;3,57
7896111945001;1,78;1,78
7891182021128;2,10;2,10
7891182014670;2,48;7,46
7898196308177;2,47;4,94
7898196308153;2,47;9,89
7896444210579;2,24;2,24
7897626509238;6,51;13,02
7501001169022;6,15;6,15
7500435125307;8,61;17,22
7500435125314;8,61;8,61
7896279114868;7,64;15,28
7896000705952;7,26;7,26
7896014183111;14,95;29,90
7896014183081;14,95;89,70
7897626514973;4,85;29,10
7891800197600;0,84;10,92
7891024123560;7,03;28,12
7501007454931;4,33;12,98
7891182016223;12,68;50,72
7891182016254;14,37;28,73
7891055538814;3,03;6,05
7891024135310;4,55;9,11
7898567750604;9,59;19,18
7897626512733;7,89;7,89
7896007547128;15,90;190,80
7896007547173;15,90;302,10
7506339337525;12,15;24,30
7898524344365;8,30;33,20
7898524345096;8,25;24,75
7891800000689;2,33;25,67
7501009222729;4,08;28,53
7893300522111;10,10;20,20
7896111943830;10,17;10,17
7896111913390;10,17;10,17
7891800198102;2,19;2,19
7891800198096;3,56;7,12
7896007547654;2,13;14,91
7896110007700;1,65;14,85
7896110007892;2,33;20,97
7891010035631;4,08;24,48
7891010582920;2,35;2,35
7896093013507;7,41;133,38
7506339394535;4,19;25,14
7896007541850;4,90;19,60
7891182007955;2,10;12,61
7896111907658;1,70;8,47
7896111907665;1,70;3,39
7896111954492;2,41;14,44
7896111947685;1,78;1,78
7896111913789;1,78;8,92
7896111913284;1,70;5,08
7896111919477;1,70;1,70
7891800002829;2,48;19,81
7891800002812;1,52;35,05
7896279114905;11,99;23,98
7896279114875;6,73;6,73
7896067301005;94,90;474,50
7897169203211;0,23;16,61
78914940;11,54;23,08
7896000711052;3,80;11,40
7896000711007;3,80;3,80
7897626512405;4,20;33,61
7898009433171;11,72;23,44
41333001043;10,82;10,82
7891010015268;3,86;15,44
7896222720030;3,90;3,90
7896007200399;3,50;21,00
7896067203460;8,22;8,22
7896222720283;4,02;24,12
7896007200306;1,61;11,27
7898079000303;2,78;11,12
7898079000327;2,78;11,12
7896007200382;3,85;38,50
7896007200375;3,97;27,79
7896222720085;3,10;37,16
7896902200067;1,51;36,26
7896075702023;0,33;30,27
682;7,27;7,27
7896000711601;10,42;31,26
7897626508088;6,68;13,36
7500435125321;7,58;7,58
7896279114851;7,06;21,18
7896279114790;7,99;15,98
7891150019508;8,72;8,72
7891024114865;6,94;20,82
7501007457789;7,48;22,44
7506309877044;17,45;17,45
7500435107402;16,03;16,03
7891060836325;10,13;20,26
7896013554363;3,77;3,77
7896020160205;10,68;21,36
7896699019989;16,70;66,80
7896000705945;7,26;7,26
7896806700076;4,30;8,60
7500435125475;7,48;22,44
7897158702138;6,30;37,80
7896027201260;2,42;24,17
7896075701019;2,14;19,25
7898907053396;0,75;3,00
7891268400076;9,32;27,96
7891268400014;7,78;15,56
7896806700045;7,00;14,00
7896094908659;4,13;8,26
7896012800829;20,09;140,63
7896094908673;4,13;4,13
7896007510832;5,60;11,20
7501007498706;6,28;113,04
7501007498690;6,28;106,76
78925588;3,97;11,91
7896007510412;17,90;71,60
4005808335435;5,09;30,54
4005808309436;5,09;35,63
7590002028506;6,28;106,76
7893300521022;10,10;10,10
7891010038908;6,28;25,12
4005808837311;8,83;8,83
7896094981010;7,04;7,04
4005900036704;4,99;4,99
4005900036667;7,42;44,52
7791969016036;7,42;66,78
4005900036728;8,74;17,48
7891010504779;3,21;12,84
7896000711175;5,00;5,00
7891150008809;8,95;17,90
7891150002166;5,64;5,64
7891037010048;5,42;5,42
7896018700314;7,39;7,39
7899026440234;6,27;12,54
7896000712974;5,00;10,00
7891037000322;4,72;4,72
7896013535683;10,98;10,98
7891528038810;4,19;8,38
7891528038834;4,19;16,76
7891528038827;4,19;16,76
78906617;12,47;37,41
7891024132906;1,44;2,88
4005808555307;23,33;23,33
7891024136300;7,69;23,07
7896110003221;1,83;18,30
7891060679724;12,00;36,00
7896000711045;3,80;7,60
7898939082968;12,21;24,42
7898009430903;11,72;35,16
7898009437629;12,65;25,30
7898009437636;12,65;12,65
7891035620003;13,29;13,29
7894650079423;8,99;17,98
7898422746759;2,06;4,12
7896512905222;3,04;12,16
7891024114216;6,94;20,82
7896512905420;3,04;12,16
7891024114209;1,57;4,70
7891024113707;1,57;1,57
7896000712967;5,00;5,00
7891037169654;10,96;21,92
7891150008960;7,88;15,76
7891060679755;27,62;55,24
7899026458949;5,35;10,70
7899026460065;5,49;10,98
7891060836264;10,13;30,39
7896115703850;6,44;12,88
7896806700069;3,26;13,04
7896013500384;4,90;9,80
7898422746179;9,50;9,50
7896013502166;4,45;26,70
7896013502906;4,45;48,95
7896013502791;4,45;26,70
7896013502937;4,29;38,61
7896020160069;5,62;11,24
7896020160052;5,11;20,44
7506195142035;9,93;19,86
7501007454856;13,72;13,72
7896013540717;10,98;10,98
7896004729688;5,51;11,02
7896004727158;3,00;12,00
7896004743561;20,24;60,72
7896004717999;37,24;74,48
7896004711225;7,09;7,09
7896004727806;4,16;12,48
7896004728766;11,68;11,68
7896004700533;1,23;2,46
7896004711690;5,07;10,14
7896004708669;3,18;6,36
7896004726069;23,43;46,86
7896004706221;9,37;9,37
7896004725697;31,75;31,75
7896004720784;3,28;13,12
7896004744957;15,01;30,02
7896004723563;3,63;3,63
7896004734392;14,18;14,18
7896004710402;6,50;19,50
7896004700656;4,60;9,20
7896004705583;5,54;5,54
7896004706375;7,06;7,06
7896004701172;26,75;26,75
7896004706368;12,05;12,05
7896004701134;6,36;12,72
7896004700564;3,69;3,69
7896004705118;4,37;8,74
7896004718460;4,32;4,32
7896004720241;3,07;42,98
7896004731285;3,10;18,60
7896004705125;4,11;8,22
7896004731308;3,59;21,54
7896004700984;9,58;9,58
7896004705736;5,71;5,71
7896004817569;10,80;10,80
7896004724690;38,08;38,08
7896004817576;11,07;11,07
7896004709130;3,49;13,96
7896004715971;11,38;34,14
7896004705781;1,52;6,08
7896004705842;5,29;10,58
7896004700502;8,08;24,24
7896004703411;27,57;27,57
7896004706382;15,58;15,58
7896004720746;17,09;51,27
7896004715735;2,89;2,89
7896004710860;2,69;2,69
7896004723020;19,97;19,97
7896004710464;4,46;4,46
7896004720869;5,01;10,02
7896004757025;7,69;7,69
7896004709239;8,71;17,42
7896004803456;3,82;19,10
7896004803463;4,17;25,02
7896004703480;11,39;22,78
7896004703473;21,23;42,46
7896004714578;6,95;69,50
7894916500364;57,33;57,33
7896004749358;11,93;11,93
7896004716299;3,34;3,34
7896004720616;3,26;3,26
7894916500425;24,77;24,77
7896004721323;3,84;7,68
7896004715902;2,93;17,58
7896004714196;2,97;5,94
7896004716329;0,87;12,17
7896004728858;14,41;43,23
7896004743745;5,31;5,31
7896004718798;3,44;3,44
7896004705347;3,53;3,53
7896004700274;7,43;14,86
7896004734248;0,67;4,69
7896004708744;5,51;5,51
7896004732848;11,73;11,73
7896004732855;16,30;16,30
7896004756875;13,31;39,93
7896004726700;3,09;12,36
7896004715599;8,00;8,00
7896004817521;16,13;16,13
7896004817507;16,91;50,73
7896004706764;5,78;11,56
7894916508377;38,52;38,52
7896004725420;3,07;3,07
7896004705385;13,43;13,43
7896004705408;23,56;70,68
7896004703572;1,17;23,39
7894916500289;42,03;42,03
7896004707600;2,07;6,21
7894916503396;13,43;13,43
7896004755465;30,60;61,20
7896004755595;7,61;7,61
7896004817477;8,42;25,26
7896004759609;46,58;46,58
7891317005351;38,05;38,05
7891317000288;14,68;29,36
7891317136468;26,80;26,80
7891317412708;12,31;12,31
7891317103323;16,21;16,21
7891317432386;23,31;23,31
7891317411923;37,63;37,63
7891317490003;38,33;38,33
7891317465650;12,83;25,65
7891317019204;26,50;26,50
7891317006570;28,44;28,44
7891317445126;15,08;45,24
7891317412548;10,75;10,75
7891317445751;21,31;21,31
7891317412555;10,69;10,69
7891317412524;10,72;10,72
7891317412531;11,25;11,25
7891317003630;29,62;29,62
7891317412692;27,30;27,30
7891317436148;38,88;38,88
7891317172732;17,00;17,00
7891317123956;21,68;21,68
7891317177683;15,09;60,35
7891317465032;15,89;63,57
7897322702209;20,94;41,88
7897322706320;5,59;50,32
7897322702070;13,84;41,52
7897322701738;24,01;120,05
7897322704944;14,26;14,26
7896902211742;1,38;9,66
7896902206380;2,75;2,75
7896902206465;1,61;19,32
7896650601017;1,56;12,48
7896902204423;1,17;4,68
7896902210646;0,88;245,52
7896902231313;1,16;38,28
7896902209114;1,54;9,25
7896902209749;4,43;26,58
7896902211582;12,45;12,45
7896902211438;1,68;3,36
7896902235731;0,65;23,45
7896902206458;1,42;8,52
7896902212152;1,39;1,39
7896138700508;2,65;13,25
7896902218567;2,50;45,00
7896902211780;3,65;3,65
7898031310990;2,37;14,22
7898040320768;17,48;17,48
7898040321253;35,97;35,97
7898040320973;34,45;34,45
7898040321505;51,45;51,45
7898040321420;24,83;49,66
7898040321512;59,41;118,82
7898040320911;5,86;11,72
7898040320928;17,65;17,65
7898040320942;9,38;9,38
7898040322120;26,46;26,46
7898040325237;33,88;33,88
7898914079709;14,99;59,96
7898914079693;14,55;72,75
7896637022446;29,56;29,56
7896637023344;13,68;13,68
7896637023658;9,60;9,60
7896637023115;15,65;15,65
7896637025362;79,96;79,96
7897930764347;23,54;23,54
7897930761971;39,25;39,25
7897930761209;21,34;21,34
7896342450336;27,59;27,59
7896342450329;27,59;27,59
7896342450312;27,59;27,59
7896018703063;4,19;4,19
7891172172106;2,75;11,00
7896007546770;12,90;12,90
7896007546756;12,90;103,20
7896007547982;17,90;268,50
7891055538210;3,65;7,30
7891024136201;7,00;7,00
7891024030806;7,00;7,00
7891055430637;8,58;51,48
7891055521519;4,34;13,02
7891055431009;6,33;12,66
7899026400580;2,19;8,76
7891024034590;9,39;37,56
7899026401716;2,99;8,97
7899026407572;2,19;2,19
7898587766494;2,19;2,19
7899026400559;2,19;2,19
7891055430538;8,58;17,16
7899026473454;2,19;2,19
7891055429839;7,78;15,56
7896279115001;10,86;21,72
7896279103121;6,34;12,68
7896020160038;16,40;32,80
7896014183166;14,95;14,95
7896014183050;14,95;59,80
7896342900831;5,99;5,99
7896014183135;14,95;74,75
1000793575;69,90;69,90
7896067202340;2,07;4,15
7891331010485;0,04;0,51
7891331010508;0,04;0,26
7896075757498;6,90;6,90
7896007547647;2,49;9,96
7896279102476;5,50;16,50
7896342452552;18,29;18,29
7896775314663;1,62;3,24
7898027120015;9,90;39,60
7898538970307;0,32;22,07
7898283814390;0,34;15,45
7896342452194;28,99;28,99
7896342452187;28,99;28,99
7897169207981;5,19;10,38
7897169208018;1,99;3,98
7891000062760;26,88;53,76
7896279104135;5,14;30,85
7897169208278;1,20;14,40
7896075711001;7,39;7,39
7894650013281;10,99;21,98
7896020159551;1,87;3,74
7896020159568;1,87;3,74
7896279114998;10,02;20,04
7896020158837;5,13;5,13
7898468471073;1,49;149,00
7898027123023;5,90;35,40
7898027120206;5,90;29,50
7898027120077;5,90;29,50
7898027123016;5,90;29,50
7898027123030;5,90;23,60
7897169295056;3,29;6,58
7896006208266;18,67;18,67
7898949409625;16,56;16,56
7898949409618;12,15;12,15
650240020506;18,18;18,18
650240012884;18,18;36,36
7898949409076;16,55;16,55
7898949409533;5,67;11,34
7898949409465;23,41;46,82
7899095200296;7,18;7,18
7899095201378;11,04;11,04
7899095203518;6,99;13,98
7899095245686;9,99;29,97
7899095233928;2,59;15,54
7899095201972;5,92;23,68
7899095202115;10,01;40,04
7899095240162;3,99;39,90
7899095205420;11,59;92,72
7899095240414;4,19;8,38
7899095250949;5,86;11,72
7899095254336;11,53;11,53
7899095239982;11,12;11,12
7896004722535;10,43;10,43
7896004714011;4,98;14,94
7896004759944;47,72;47,72
7896004713908;7,00;21,00
7896004725789;3,91;7,82
7896004708959;5,97;5,97
7896004726410;6,02;18,06
7896004721897;2,13;2,13
7896004715650;2,89;2,89
7896004755885;11,49;68,94
7896004756196;12,07;12,07
7896004721231;2,80;8,40
7896004712406;2,65;5,30
7896004729466;17,63;35,26
7896004729473;17,63;17,63
7896004709116;9,89;9,89
7896004702216;6,40;12,80
7896004729657;19,30;77,20
7896004708683;3,90;15,60
7896015527440;7,10;7,10
7896269900044;4,65;4,65
7896269900075;7,73;7,73
7896269900983;13,87;13,87
7896009400162;8,26;8,26
7896015500016;3,03;57,52
7898060138060;1,42;4,26
7899620910683;7,48;14,96
7898060138220;12,91;103,28
7898060137544;19,41;116,46
7899620911505;6,97;6,97
7899620911420;1,67;3,34
7896512927231;14,59;14,59
7896512911933;11,02;33,06
7896512911858;3,04;15,20
7896512922472;8,22;16,44
7896512909190;6,91;13,81
7899785200629;3,00;3,00
7899785200070;4,79;28,74
7898456758544;4,19;4,19
7898456758568;4,79;19,16
7899785200100;4,79;14,37
7899785200087;4,79;19,16
7898456758599;4,19;12,57
7899785200063;6,04;24,16
7898456758490;4,19;8,38
7899785200094;4,79;4,79
7898075315395;7,70;7,70
7897947612662;15,84;15,84
7897947612679;13,20;13,20
7896523224411;1,45;66,65
7897947612945;40,00;80,00
7897947607743;21,99;43,98
7897947612969;40,00;40,00
7897947612990;24,00;48,00
7896685300657;81,78;163,56
7896685300855;37,59;37,59
7896685301661;21,89;21,89
7896685301654;27,49;54,98
7895858011857;33,41;33,41
7896083403028;27,23;27,23
7896331704020;11,49;22,98
7896331705348;11,99;23,98
7896331701562;10,90;32,70
7896331705799;23,99;119,95
7896331702620;1,33;87,59
7896331706222;7,85;23,55
7896331704723;3,22;3,22
7896331705850;22,23;44,46
7896331701319;3,85;11,55
7896331704518;6,51;19,53
7896331704600;6,51;13,02
7896331703832;15,88;15,88
7898902180530;11,38;22,76
7896331705140;13,24;79,44
7896331703191;7,48;7,48
7896331704808;4,27;25,62
7896331705713;12,99;25,98
7896331704914;21,99;65,97
7896331706734;0,61;46,97
7896331706635;5,39;16,17
7896331705263;11,19;11,19
7896331706499;4,71;18,84
7896331705171;20,80;20,80
7896331702378;11,35;34,05
7896331706291;10,92;10,92
7896331706680;16,90;50,70
7896331706673;16,91;33,82
7898902180554;18,88;37,76
7896227800201;4,68;88,95
7896227800089;9,45;9,45
7896227800171;8,25;8,25
7896540789542;9,99;9,99
7896672201875;24,18;24,18
7891010655112;8,41;25,23
7898574752738;42,50;85,00
7898574752745;25,90;51,80
7898574753643;23,00;23,00
7898574753636;23,00;46,00
7898574753650;23,00;69,00
7898574752752;19,90;19,90
7898574753285;25,90;77,70
7898557145328;39,80;39,80
7896212479825;25,98;25,98
7898582380183;33,96;33,96
7896212410057;16,99;16,99
7896212478972;13,95;13,95
7896212479689;19,46;19,46
7896212422517;22,36;22,36
7896212409457;17,71;17,71
7896212413560;18,21;18,21
7896212479924;17,91;17,91
7896212428861;24,67;24,67
7891010020927;11,74;11,74
7891010959296;11,57;23,14
7891010589622;12,58;37,74
7891010657536;12,58;37,74
7891010589615;12,58;37,74
7891010973902;7,78;23,34
7891010877507;16,86;16,86
7891010503505;10,42;31,26
7891010974312;13,55;13,55
7891010007263;13,16;13,16
7891010568764;7,41;44,46
7891010568757;7,41;29,64
7891268400304;7,78;15,56
7891010964641;5,54;16,62
7891010586461;7,78;15,56
7702035833792;11,57;11,57
7891010657529;7,49;52,43
7891010579265;11,46;34,38
7891010568771;7,96;71,64
7896007510764;30,90;216,30
7891010795542;9,55;38,20
7896007510788;29,90;358,80
7896007510771;30,90;247,20
7891010925543;2,57;2,57
7891010099640;5,88;29,40
7891010040017;2,39;2,39
7891010504038;2,94;5,88
7891010041441;6,47;6,47
7891010041427;7,33;7,33
7891010501105;5,47;27,35
7891010697266;7,00;21,00
7891010695415;0,25;7,90
7891010702137;0,39;9,63
7891010505448;0,13;7,25
7891010504755;0,20;32,12
7891010504700;0,15;13,06
7891010980085;8,49;16,98
7891010601188;8,49;16,98
7891010047764;8,54;42,70
7891010804589;7,32;21,96
7891010560812;5,06;20,24
7891010804626;14,33;28,66
7891010030476;7,30;21,90
7891010032937;5,67;34,02
7891010030452;7,29;21,87
7891010047184;7,32;21,96
7891010503260;13,71;41,13
7891010560737;2,82;16,92
4015630064076;70,38;70,38
7891010010546;6,22;6,22
7891010010515;6,22;6,22
7891010031633;2,47;14,82
4030841212740;61,22;61,22
7891010718688;40,02;80,04
353885160254;41,43;290,01
7891010510985;34,39;34,39
353885160254;45,03;45,03
7891010877613;16,88;16,88
7891010506513;16,88;16,88
7891010581800;9,58;19,16
7898392800277;24,75;24,75
7898392800161;24,00;24,00
7891010785567;9,79;9,79
7894650130070;14,55;14,55
3282770100976;19,62;19,62
7891010916930;9,46;28,38
7891010579289;11,10;22,20
7891010944636;1,74;1,74
7891010032906;2,18;17,44
7891010035976;2,18;8,72
7891010042950;8,03;24,09
7891010030889;5,83;17,49
7891010935979;8,03;16,06
7891010030094;5,83;46,64
7891010030391;5,83;5,83
7891010781668;2,18;6,54
7891010005757;8,03;32,12
7891010877972;0,99;5,94
7891010026844;44,85;89,70
7891010020279;33,30;33,30
7891010096441;36,80;36,80
7702031604150;12,15;12,15
7891010800048;9,62;48,10
7891010032241;8,99;53,94
7891010601164;5,83;17,49
7891010804602;5,83;17,49
7891010980061;5,83;17,49
7891010805968;5,83;23,32
7891010036478;8,99;8,99
7896212422524;4,68;224,87
7891010931476;9,61;9,61
7891010987770;9,32;27,96
7891010880842;9,32;27,96
7891010246853;21,55;21,55
7891010917715;9,55;19,10
7891800372847;0,33;3,31
7891010938840;0,39;9,63
7891010244484;7,35;7,35
7891010245450;16,37;32,74
7891010604349;9,95;19,90
7891010917814;8,03;16,06
7891010244460;5,83;17,49
7898335832990;2,80;2,80
7896033212229;21,00;21,00
7896033212212;21,00;21,00
7896033221016;7,80;23,40
7896033221023;8,07;24,21
7896033212205;21,74;21,74
3433422403765;37,57;37,57
3337871308629;35,16;35,16
7897747200984;27,19;54,38
7896331705355;3,74;7,48
7898099460040;6,79;27,16
7795323001263;46,20;46,20
7896180300244;20,17;20,17
7896180302088;13,42;13,42
7896180300503;18,71;18,71
7896180300510;9,67;9,67
7894916145152;5,61;11,22
7896004706535;4,59;9,18
7894916143011;24,36;97,44
7896004731674;5,53;5,53
7896004812168;23,65;307,45
7894916143141;16,05;96,30
7896004706528;14,28;99,96
7894916143134;16,05;64,20
7896004706559;19,28;154,24
7896004810065;5,05;5,05
7896004815077;156,78;313,56
7896004704531;7,82;7,82
7896004722689;4,47;17,88
7896004734026;12,07;60,35
7896004818993;16,42;114,92
7896004726694;57,38;172,14
7896004810638;10,02;10,02
7894916143851;4,67;9,34
7894916142519;8,95;44,75
7894916143035;6,37;44,59
7896004747507;2,81;11,24
7894916146357;9,14;9,14
7894916146883;5,41;21,64
7894916147712;23,52;23,52
7896004713649;6,75;13,50
7896004715049;4,95;9,90
7894916145121;6,82;20,46
7894916146876;10,20;10,20
7894916145459;7,88;7,88
7894916143448;10,14;30,42
7896004800400;9,44;9,44
7896004722382;10,48;20,96
7896004718309;36,56;73,12
7894916145800;4,58;9,16
7894916143127;4,51;4,51
7894916146135;7,50;22,50
7894916146449;52,40;157,20
7894916144803;6,53;52,24
7894916143264;1,92;15,36
7894916140690;1,55;7,75
7896004712642;25,21;75,63
7894916142946;8,25;24,75
7894916141116;2,58;2,58
7894916141123;3,48;6,96
7896094201033;22,32;22,32
7896094201293;39,56;79,12
7896094201507;26,89;26,89
7896094201514;14,46;14,46
7896094208070;19,83;19,83
7896094201811;39,73;39,73
7896094206366;43,56;87,12
7896094209701;30,57;30,57
7896094209695;30,57;30,57
7896094208278;22,91;22,91
7896094208735;49,78;49,78
7896699020268;8,86;8,86
7896699019781;14,96;14,96
7896699019804;14,96;14,96
7896699013857;24,43;48,86
7896699013833;24,43;48,86
7896699013871;24,43;73,29
7896699013338;24,43;48,86
7896699024334;10,31;30,93
7898940257379;8,40;50,40
7896699024327;10,31;20,62
7898472871395;4,89;9,78
7898472871418;4,89;4,89
7898039564647;21,99;109,95
7898039564616;24,39;146,34
7898079000761;15,10;15,10
7898079000778;16,10;16,10
7896770979126;18,92;56,76
7896699014090;13,20;13,20
7896699024105;6,73;6,73
7896699024112;6,97;6,97
7898585291301;8,08;48,48
7898585290304;4,86;9,72
7898585291295;5,11;25,55
7898472870541;4,99;9,98
7896699023603;10,33;10,33
7896699021326;5,65;11,30
7896699021166;5,65;11,30
7896699012362;6,90;6,90
7896699019538;4,94;4,94
7896699021906;4,04;4,04
7896699016896;3,31;6,62
7896699016735;3,74;7,48
7896699022002;4,55;22,75
7896699022484;5,03;15,09
7896000627056;12,63;12,63
7896699021227;6,36;12,72
7896033201452;8,21;24,63
7896033201469;8,21;24,63
7896699021982;4,78;19,12
7896699016315;3,55;10,65
7896000627025;13,98;27,96
7896000627001;13,98;41,94
7896699015998;6,89;13,78
7896699021340;6,36;6,36
7896699029643;7,23;21,69
7896699030717;8,79;17,58
7896000627070;13,98;27,96
7896699021241;6,36;6,36
7896699018081;5,82;11,64
7896699016292;3,55;7,10
7896699025188;6,38;19,14
7896699016575;3,74;7,48
7896000627018;13,98;13,98
7896699016612;3,74;7,48
7896699030700;8,79;8,79
7896699025195;6,08;30,40
7896699029650;7,23;7,23
7898940257638;3,44;13,76
7896000627063;13,98;13,98
7896699019385;5,26;5,26
7896699023788;6,22;18,66
7896699026123;5,01;5,01
7896699026086;6,53;19,59
7896699023764;6,53;19,59
7896699008365;6,00;12,00
7896699012157;2,62;107,40
7896699014335;7,71;7,71
7896699023078;12,56;12,56
7896699013635;9,90;9,90
7896699013512;11,99;23,98
7896699013598;8,73;8,73
7896699013574;10,90;10,90
7896699029391;22,22;22,22
7896699017732;5,35;5,35
7896699013536;11,99;11,99
7896699024990;7,68;15,36
7896699017725;5,62;16,86
7896699029988;8,13;24,39
7896699029995;8,13;16,26
7896699019002;13,27;26,54
7896699017336;8,51;8,51
7896699013895;8,85;17,70
7896699024785;15,16;30,32
7896699023047;13,19;13,19
7896699023061;13,19;13,19
7896699025270;3,69;7,38
7896699030267;23,33;23,33
7896699029384;23,33;23,33
7896699024792;15,16;15,16
7896699029520;12,58;12,58
7896699013901;9,29;27,87
7896699017749;5,62;11,24
7896699025362;6,36;6,36
7896699024983;7,68;15,36
7896699025348;6,68;6,68
7896699029537;12,58;12,58
7898472871562;2,27;15,89
7898472870442;2,27;20,43
7898585291042;9,18;36,72
7896699015530;4,37;4,37
7896699011433;11,19;22,38
7896699021067;4,02;4,02
7896699029063;3,70;7,40
7896033232371;13,29;26,58
7896033232364;13,29;13,29
7896007201129;3,97;39,70
7896699023542;5,52;5,52
7896699023528;5,26;10,52
7896033241052;8,67;8,67
7898079000266;3,21;25,68
7896007201747;3,46;3,46
7896699010085;3,54;3,54
7898361080259;6,58;13,16
7896699024365;4,43;8,86
7896699024372;4,43;4,43
7898299570099;1,60;8,00
7898299570174;1,60;16,00
7898361080242;6,58;19,74
7896699019736;11,25;11,25
7896699019729;11,25;11,25
7896770902070;5,17;5,17
7898039563732;9,41;141,15
7891142145468;58,46;58,46
7899706126335;19,99;39,98
7896014175512;21,53;21,53
7791293028774;7,33;7,33
7893138010033;1,29;1,29
7893138000157;3,19;38,28
7893138000072;1,49;1,49
7896540751266;5,49;16,47
7896094903104;4,01;76,20
7891142142214;23,22;23,22
7891142142252;24,57;49,14
7891142128546;5,82;5,82
7891142128096;14,70;14,70
7891142115614;39,02;78,04
7898926572113;59,40;59,40
7898926572090;39,07;39,07
7891142165770;9,09;18,18
7891142171061;19,49;19,49
7891142171733;14,38;14,38
7891142171757;17,29;17,29
7891142177056;19,43;19,43
7891142171719;13,79;13,79
7891142177162;18,01;18,01
7891142177032;6,65;6,65
7891142180766;30,86;30,86
7891142180773;30,96;30,96
7891142177155;31,58;31,58
7891142145444;58,46;58,46
7891142144287;51,37;51,37
7897322709987;29,89;29,89
7896226102955;56,84;56,84
1789611000563;15,26;137,31
7702018951185;9,16;9,16
7896480657376;3,17;19,04
3014260833176;2,64;7,91
7895800169049;0,62;12,94
7896094999015;3,92;11,76
7898919412068;3,92;7,84
7898919412204;4,02;16,08
7898919412174;4,02;12,06
7622300862374;1,25;12,46
7895800911150;0,88;3,51
7702018072439;1,33;29,23
7898919412327;3,94;7,88
7500435014359;5,32;21,28
7891182016285;14,24;56,96
7891182016353;14,24;56,96
7896001215023;7,51;45,05
7898392800055;21,61;21,61
7898919411962;3,57;7,14
7890541602558;13,75;13,75
7890541602565;13,75;13,75
7890541161420;11,78;35,34
7891224983841;15,23;15,23
7891224983964;15,23;15,23
7891224985340;15,69;15,69
7890541132536;19,30;19,30
7890541785602;21,86;21,86
7890541013521;17,57;17,57
7891224956708;25,77;25,77
7898919411979;3,57;7,14
7890541161413;11,78;11,78
7891224985333;15,69;31,38
7891224956838;25,77;25,77
7890541571137;12,90;12,90
7891224883097;18,65;18,65
7893249567099;15,25;15,25
7893249149530;11,39;22,78
7891224346912;25,42;76,26
7890541000200;17,20;17,20
7890541000217;17,20;34,40
7890541001009;16,29;16,29
7891266542044;15,48;15,48
7893249567082;15,25;15,25
7891224351770;14,53;29,06
7891224959310;14,68;14,68
7890541001016;16,29;16,29
7891224956715;25,77;51,54
7890541001023;16,29;16,29
7891224956777;25,77;25,77
7890541000224;17,20;17,20
7891224351756;14,53;14,53
7895265025652;9,57;57,41
7895265025706;9,57;57,41
7891109603987;9,57;57,41
7891109603994;9,57;57,41
7896422507042;10,51;63,06
7896422507295;25,54;51,08
7896422516921;6,17;18,51
7896422507509;13,70;13,70
7896422504584;13,42;13,42
5000456009317;16,94;16,94
7896422533911;21,43;64,30
7896422532228;29,62;59,24
7891317496388;9,15;9,15
5000456009676;56,97;56,97
5000456009492;36,24;36,24
7896862910747;4,23;4,23
7896862970031;1,02;8,14
7896862960087;14,04;154,44
7896862925123;14,67;14,67
7891721000614;16,58;49,74
7891721023422;24,99;24,99
7891721024481;27,23;27,23
7891721015366;9,78;9,78
7891721104831;11,24;22,48
7891721100017;12,01;12,01
7891721100024;16,22;16,22
7891721008405;39,53;39,53
7891721008368;19,57;19,57
7891721013010;18,77;75,08
7891721023965;37,27;74,54
7891721020193;7,51;37,55
7891721020049;8,89;26,67
7891721019791;3,99;3,99
7891721019944;6,98;13,96
7891721019890;4,83;4,83
7891721019845;4,65;9,30
7891721026546;46,50;46,50
7891721023491;8,97;17,94
7891721024337;28,83;28,83
7891721023477;75,34;150,68
7891721025334;11,46;11,46
7891721022722;5,77;5,77
7891721027406;3,88;3,88
7891721238123;3,71;22,26
7897337702386;16,14;32,28
7897337702270;10,42;20,84
7896342452712;33,99;33,99
7896342900626;27,49;27,49
7896342414413;13,42;13,42
7896830500468;24,99;49,98
7891109604038;9,57;57,41
7891109604014;9,57;47,84
7891109604021;9,57;47,84
7891109604007;9,57;47,84
7899640807086;69,05;69,05
7899640803521;14,95;29,90
7898557141054;10,28;30,84
7898031310198;1,68;6,72
7898118240097;11,00;11,00
7898133137471;3,20;6,40
7898259490221;0,50;0,50
7896472514267;4,51;4,51
7896472501915;1,81;1,81
7896472513208;2,15;27,95
7896472515349;4,88;14,64
7896279103787;4,89;39,12
7896279102636;5,90;11,80
7899470802275;1,74;1,74
7898133139420;8,87;17,74
7898133134753;5,16;10,32
7899470802268;7,30;138,70
7898133136085;4,51;4,51
7898133134234;1,84;22,14
7898133131028;2,58;2,58
7899470802565;6,29;188,70
7898133137969;0,90;21,60
7898133130229;2,44;4,88
7898133134685;11,98;11,98
7898133134784;16,12;257,92
7898133131066;2,23;2,23
7899470800882;9,59;9,59
7898133137242;9,43;18,86
7899470800325;8,33;99,96
7898133136450;10,75;10,75
7899898600989;9,99;29,97
7898133135606;7,49;7,49
7898133131837;3,98;11,94
7898133130410;0,61;5,49
7898133131509;3,00;3,00
7899470800240;2,47;41,99
7898133131035;1,70;45,77
7898133130403;4,98;737,04
7898133133770;7,89;15,78
7898133136047;7,40;59,20
7898916521244;5,05;5,05
7898557144291;13,33;186,62
7506339391336;18,39;55,17
7896770900021;11,76;105,81
7896770900083;11,76;105,81
7896544900011;1,12;1,12
7896544910058;2,88;17,28
7791293032399;9,35;9,35
7791293032375;7,75;23,25
75063559;3,31;26,48
7791293032498;8,08;96,96
7791293032481;8,08;80,80
7791293032368;10,27;20,54
78924345;5,83;5,83
7791293032467;8,08;64,64
7791293032443;8,08;88,88
78924338;5,23;10,46
78924239;3,31;3,31
78930841;3,31;3,31
7791293032436;8,05;144,90
7891150006140;8,45;8,45
7898422746155;10,69;10,69
7896261019331;25,69;25,69
650240017896;23,70;23,70
7891800372168;1,43;17,18
7891800372151;1,14;2,27
7898446860080;11,90;35,70
7898582716241;8,92;17,84
7891150029293;6,34;19,02
7891037169258;8,32;8,32
7896540789573;9,99;9,99
7896540789580;9,99;9,99
7891150028449;8,53;8,53
7896622301822;0,71;35,65
7896714214764;1,52;36,50
7896714215976;9,85;19,70
7896714219318;4,73;37,84
7896714219301;3,28;9,84
7896714203768;13,99;41,97
7896714221847;28,67;28,67
7896714221083;8,66;17,32
7896714210070;1,16;83,17
7896714200699;15,28;45,84
7896714203737;1,78;1,78
7896714200705;2,62;2,62
7896714203515;3,11;9,33
7896714222387;6,02;30,10
7896714203492;6,92;6,92
7896714241104;9,68;125,84
7896714201108;2,13;8,52
7896714230054;2,77;11,08
7896714200064;9,46;47,30
7896714233833;8,45;16,90
7896714200125;6,27;25,08
7899095220393;5,01;5,01
7896714270036;13,35;40,05
7896714200217;1,39;5,56
7896714236247;3,45;20,70
7896714236223;3,59;17,95
7896714234236;2,83;5,66
7896714234212;17,43;191,73
7896714239712;8,41;16,82
7896714257594;91,17;1823,40
7896714217093;1,01;1,01
7896622305875;1,12;10,07
7896714201498;3,28;9,84
7896714255026;10,44;31,31
7896714208145;5,96;29,80
7896714214115;3,96;7,92
7896714214399;9,85;9,85
7896714202693;11,04;22,08
7896714265766;8,30;8,30
7896714273426;18,45;73,80
7896714209456;3,80;15,20
7896714215013;2,25;6,75
7896714212104;4,05;24,30
7896714212081;2,77;16,62
7896714255897;1,79;8,95
7896714255934;1,12;4,48
7896714255941;5,00;10,00
7898947385693;6,99;27,96
7896714205861;4,66;18,64
7896714241319;11,49;11,49
7891000097649;33,21;66,42
7891000079515;33,97;33,97
7891000071625;38,10;114,30
7891000243183;3,28;13,12
7891000243213;3,28;26,25
7891000003299;0,78;23,43
7795323001461;54,51;54,51
7891025107897;33,48;33,48
7891008331028;0,51;5,11
7613034968364;48,22;48,22
7891000251249;2,79;25,11
7891000035634;3,51;35,08
7891000106099;24,94;24,94
7891000103487;77,13;77,13
7891000099032;3,74;18,70
7891000049020;3,47;13,87
7891000049105;3,47;10,40
7891000105047;1,02;3,05
7891008209020;1,49;10,42
7897460400333;30,00;30,00
7897460400357;44,10;44,10
7895296365017;11,45;34,35
7895296240093;1,38;8,28
7896261005723;25,60;25,60
7896261013490;13,65;27,30
7896261000223;7,13;7,13
7896261010055;5,98;11,96
7896261000711;6,05;18,15
7896548198247;27,38;27,38
7896261000797;13,16;13,16
7896261010222;18,23;36,46
7898133139420;24,00;48,00
2789526502569;9,57;57,41
2789526502566;9,57;57,41
2789526502567;9,57;57,41
2789526502568;9,57;57,41
7891268144086;20,76;20,76
7891268104028;48,11;48,11
7891268402018;9,70;9,70
7891268402001;9,43;9,43
7891010974916;2,97;32,66
7891268404036;21,06;21,06
7898216369980;6,59;52,72
7898031314219;1,73;8,65
7898216360925;5,40;21,60
7898216360161;1,54;4,62
7898216367740;14,94;14,94
7898216360352;6,49;32,45
7898216360123;2,51;2,51
7898917592359;1,35;6,75
7898216367344;2,98;20,82
7898216366323;6,36;31,80
7898216371341;1,54;12,32
7898014565652;2,80;5,60
7898014565461;7,90;7,90
7898031310303;1,27;5,08
7898031313465;1,36;2,72
7898031313335;5,32;10,64
7898031310662;1,78;5,34
7898031312697;3,05;6,10
7898031311034;1,27;3,81
7896738800011;13,52;13,52
7898148297269;1,34;16,08
1000792753;0,72;19,44
7898148294121;1,24;52,08
7899547501469;11,13;11,13
7898148298891;4,55;72,80
7898148292936;1,33;14,63
7898148299683;7,84;15,68
7898148291298;2,73;13,65
7898148296552;5,51;5,51
7898148296255;7,93;15,86
7898148293711;6,95;6,95
7899547504743;3,77;7,54
7894916145459;9,60;9,60
7899547507867;5,95;5,95
7899547511130;9,05;9,05
7590002023228;16,84;50,52
7896093000217;7,91;63,29
7898374656038;14,98;29,96
7898413017349;9,98;9,98
7898374656021;14,98;14,98
7898374654775;28,98;57,96
7898118240707;8,00;96,00
7891268400229;9,32;27,96
78914957;4,00;16,00
78907850;3,79;15,16
78907874;10,72;10,72
7896523220352;25,00;25,00
7897076910950;17,17;34,34
7896226500416;19,21;19,21
7896226500386;18,84;18,84
7896226500379;15,89;47,67
7896226500423;30,73;153,65
5702191007985;42,50;42,50
7897595605290;7,35;14,70
7897595624642;78,76;78,76
7897595633309;18,22;36,44
7897595903914;20,92;20,92
7891058003555;1,95;1,95
7891058431037;12,80;12,80
7891058263096;25,96;25,96
7891058260071;26,93;26,93
7896070600447;10,12;10,12
7891058009458;10,92;10,92
7891058003661;20,92;20,92
7891058212070;12,79;25,58
7897595901521;7,60;15,20
7896070600249;13,05;13,05
7891058020316;10,24;61,44
7897595900708;10,79;10,79
7896070601772;39,71;39,71
7891058006716;38,68;38,68
7891058168049;45,29;90,58
7891058008635;22,73;22,73
7891058464073;18,74;18,74
7891058006426;11,52;11,52
7896070601796;33,42;33,42
7896070601895;21,20;42,40
7891058061562;21,11;42,22
7891058059149;7,50;15,00
7896070601765;42,99;42,99
7891058017507;14,12;14,12
7891058017392;3,92;113,78
7891000109908;13,61;27,22
7891176111088;5,92;17,76
7898909332864;8,98;17,96
7898162880355;9,90;9,90
7898064035990;14,50;58,00
7898162881529;9,23;9,23
7898064036003;14,50;14,50
7898162881512;9,23;9,23
7898162880638;20,31;40,62
7898162880362;9,23;9,23
7898064035983;11,75;105,75
7898162881536;20,31;101,55
7898162881543;20,31;60,93
7898162880157;3,84;11,52
7896914001560;22,53;22,53
7898162880027;3,84;15,36
7898162880003;3,84;15,36
7898162881499;3,84;26,88
7898162880010;3,84;153,60
7896012877739;8,40;16,80
7891104393104;1,49;13,41
7891088535606;4,09;36,83
7891088191352;2,58;25,80
7896914000716;2,29;18,32
7896914001713;8,25;41,25
7896914001652;2,99;29,90
7896094905641;1,35;2,70
7896094915046;5,19;20,76
7891106905886;6,98;6,98
7891106905961;5,86;41,02
7891106905992;5,07;20,28
7894916507950;34,27;34,27
7898029552203;52,07;52,07
7894916505130;60,64;60,64
7894916502962;11,34;11,34
7894916503754;23,21;23,21
7894916206419;19,03;19,03
7894916500272;48,88;48,88
7894916501477;41,36;41,36
7894916207546;20,99;20,99
7894916503389;7,68;7,68
7894916550123;13,96;13,96
7894916501613;23,09;23,09
7894916208154;13,98;13,98
7894916501415;27,35;109,40
7898169080642;32,54;32,54
7896658008740;10,22;10,22
7896658006395;18,81;18,81
7896110005669;17,35;17,35
7896658005336;29,65;29,65
7896658002229;10,49;10,49
7896658003547;8,68;8,68
7896658008023;29,60;29,60
7896658001918;12,84;25,68
7896658001901;15,62;31,24
7896658001925;8,74;8,74
7896658000805;25,96;25,96
7896658007286;16,02;16,02
7896658007255;12,23;12,23
7896658002120;19,76;19,76
7896658001178;11,94;23,88
7896658001116;22,48;22,48
7896658001123;22,42;22,42
7896658010286;10,63;10,63
7896658002205;15,74;31,48
7896658001079;12,17;12,17
7896658004858;64,53;193,59
7896658008115;18,53;37,06
7896658006432;29,40;29,40
7896658006920;40,99;40,99
7896658005046;15,89;15,89
7896658005589;6,88;48,16
7896658000560;22,42;22,42
7896658009518;16,69;16,69
7896658000652;14,61;14,61
7896658012303;8,64;17,28
7896658004704;14,69;29,38
7896658000713;22,60;22,60
7897732601390;1,51;4,53
7897732602489;2,20;2,20
7899420506666;40,98;40,98
7896641805929;43,66;43,66
7896112114413;1,12;1,12
7896112158363;4,90;235,20
7896112114185;4,41;379,26
7896112122432;0,90;5,40
7896112170310;2,05;20,50
7896112147985;2,88;2,88
7896112140306;5,51;38,57
7896112123170;3,49;13,96
7896112155003;2,77;2,77
7896112189121;23,48;23,48
7896112134213;6,05;48,40
7896112113652;12,14;36,42
7896112136385;3,67;11,01
7896112148852;8,30;24,90
7896112141693;5,09;20,36
7896112154624;3,25;3,25
7896112147909;1,56;4,68
7896112148715;2,79;22,32
7896112148685;2,14;6,42
7896112147640;26,89;161,34
7896112145776;3,58;10,74
7896112115151;52,45;104,90
7896112127277;4,85;9,70
7896112101635;4,62;9,24
7896112140528;3,45;6,90
7896112165651;3,99;91,77
7896112116653;1,95;5,85
7896112197218;2,87;2,87
7896112128847;16,48;16,48
7896112123033;19,92;39,84
7896112192015;14,00;70,00
7896112196082;28,10;168,60
7896112118398;2,87;2,87
7898277713302;2,54;7,62
7897129301513;28,66;28,66
7897129303890;27,94;27,94
7896641809545;34,88;34,88
8902220105676;18,11;18,11
8902220106079;11,47;11,47
8902220109506;35,09;35,09
7897655400223;19,05;38,10
7897655400216;18,11;36,22
7896006247746;4,19;4,19
7896006261810;17,24;68,96
7896006290216;18,34;18,34
7896006259701;11,84;47,36
3662042000058;40,17;120,51
7896006203186;13,78;13,78
7896006246541;2,80;98,00
7896006291398;12,75;12,75
7896006291732;4,01;8,02
7896006211587;8,96;8,96
7896006236009;21,89;65,67
7896006255000;12,93;25,86
7896006291749;11,28;11,28
7896006290162;7,91;15,82
7896006214854;0,58;19,25
7896006268666;5,92;11,84
7896006209898;4,70;4,70
7896006209881;3,13;6,26
7896006245322;11,44;114,40
7896006225010;17,71;17,71
7896006290117;7,39;7,39
7896006212102;5,29;21,16
7896006290070;34,10;34,10
7896006214212;33,30;99,90
7896006226208;57,58;115,16
7896006216544;5,50;214,50
7896006212300;8,99;35,96
7896006234067;2,73;54,60
7896006298311;10,68;10,68
7896006248910;5,84;5,84
7896006207306;12,22;97,76
7896006271703;3,46;6,92
7896006272724;3,53;17,65
7896006222620;20,36;20,36
7896006212287;8,99;8,99
7896006245247;1,69;3,38
7896006205661;3,54;28,32
7896006238751;1,73;1,73
7896006212348;10,50;21,00
7896006207481;11,57;23,14
7896006201007;6,93;13,86
7896006209690;3,61;10,83
7896006204657;4,76;9,52
7896006292005;15,62;15,62
7896006200994;5,58;11,16
7896006213161;9,28;27,84
7896006213710;17,80;53,40
7896472502592;1,60;1,60
7896006202110;1,75;5,24
7897042007226;5,55;16,65
7896000705921;7,19;14,38
7891150045750;16,44;49,32
7791293034973;4,62;4,62
7791293033273;13,79;27,58
7791293022635;10,61;42,44
7791293022529;7,31;14,62
7791293022567;7,31;43,86
7506306241152;9,68;19,36
78924352;5,83;5,83
7791293022819;13,79;27,58
7791293035017;5,47;65,64
7506306241176;9,37;65,59
7791293014838;13,79;68,95
7791293022581;8,05;136,85
7506306241183;9,81;147,15
78924468;6,00;6,00
78929388;3,31;26,48
7791293022598;8,05;104,65
7791293290119;7,54;30,16
7891150037632;7,07;14,14
7891150037274;7,07;14,14
7891150044197;8,95;8,95
7891150037441;6,79;6,79
7891150017375;8,95;8,95
7891150037328;7,07;21,21
7891150037465;7,07;14,14
7891150041622;7,80;7,80
7891150049895;1,30;7,82
7898422751746;8,30;8,30
7891150036758;1,77;3,54
7891150036727;1,77;1,77
7891150019560;2,06;4,12
7891150037434;5,66;5,66
7891150037397;5,66;5,66
7891150051553;10,50;10,50
7891150008991;7,88;15,76
7898422746216;9,50;9,50
7891150037519;5,66;5,66
7891150018853;8,99;8,99
7891150037526;5,59;5,59
7891150037595;5,20;10,40
7506339391312;18,39;36,78
7506339391329;18,39;18,39
7506339391305;18,39;36,78
7506339358247;8,87;106,44
7506339363883;1,36;16,36
7506309865393;9,93;39,72
7891000056615;16,82;33,64
7891024024386;1,50;1,50
7891024184608;2,70;13,50
7891024184509;2,70;10,80
7891800000672;2,00;36,00
7891800000665;1,67;23,33
7891800000658;1,42;18,42
7506339394603;4,19;20,95
7896015528294;8,26;8,26
7895265025676;9,92;59,52
7895265025669;9,56;57,36
7895265025683;9,93;59,58
7890557502477;15,48;30,96
7895265025690;9,90;59,40
7898049798223;3,76;11,28
7898049796069;18,33;18,33
7898049796083;15,31;30,62
1000793575;0,12;12,36
7896202501185;2,66;311,13
7898049793419;2,07;39,36
7898049796038;7,99;63,92
7898118240615;2,47;27,17
7898118240400;9,23;46,15
7897799815020;7,50;7,50
7891045008440;6,29;12,57
7891045043083;48,06;48,06
7891045043144;48,06;48,06
7898074618183;23,06;23,06
7892953001387;12,54;12,54
7896082900351;25,54;25,54
7896082900269;10,64;21,28
7898910350147;3,22;112,73
7897322706528;19,88;19,88
7896641803871;15,66;15,66
7894916143400;6,06;36,36
7897595901309;9,23;9,23
7896241221853;9,86;9,86
78915398;2,68;64,26
7896015517014;1,14;9,08
7894916142656;10,82;21,64
7891317432461;20,68;20,68
7896112126171;2,22;8,88
7896637022835;33,25;33,25
7894916550031;7,40;7,40
7896658008764;11,15;11,15
7897595901316;10,59;10,59
7896094200432;20,52;20,52
7896004711041;8,26;8,26
7896004707327;4,88;9,76
7896658008801;14,65;14,65
7897595903365;13,43;40,29
7896181901631;18,86;18,86
7896004703497;43,88;43,88
7896004713717;1,91;3,82
7896112127680;8,44;42,20
7896004712413;4,43;8,86
7896004712437;4,54;9,08
7896004704616;3,79;3,79
7891317443955;20,11;60,33
7897322709376;31,95;31,95
7896658025129;37,89;37,89
7896112414247;21,52;129,12
7896714213446;0,99;30,69
7898158690470;4,44;26,64
7894916550086;6,92;6,92
7898096577031;21,47;21,47
7896004730189;7,19;7,19
7894916550048;5,10;5,10
7896637022842;37,00;37,00
7896658008825;10,07;10,07
7897595901033;9,02;9,02
7894916140683;6,46;12,92
7891317001056;10,94;32,82
7896004716152;18,78;56,34
7896658019562;42,40;42,40
7896004710891;2,99;8,97
7896004813172;3,78;11,34
7891058017439;13,34;13,34
7896862912017;6,81;13,62
7896523207704;4,78;28,68
7894916144681;6,73;13,46
7896112427360;28,01;28,01
7897322709420;32,44;32,44
7891317464004;41,01;41,01
7896004722153;10,37;10,37
4987188521113;15,16;45,48
7894916145114;3,56;21,36
7894916508520;59,86;59,86
7896004739595;41,43;82,86
7896714226033;10,95;32,85
7891106007030;71,46;71,46
7899095235083;10,07;10,07
7896004727233;4,97;4,97
7896658008849;16,88;16,88
7897595903372;17,09;17,09
78911222;7,90;86,93
7896512901408;10,74;10,74
7896004801209;4,99;29,94
7897411610767;33,23;33,23
7896181914303;19,99;39,98
7896658001789;24,89;24,89
7899095203532;5,21;10,42
7894916143738;8,09;8,09
7896714237510;80,00;160,00
7896658008863;13,55;13,55
7891721020094;5,47;5,47
7897595901446;12,78;12,78
7896714218267;4,36;252,88
7898049793709;5,54;11,08
7898040321871;121,48;121,48
7898148291533;2,49;2,49
7898049793730;5,66;11,32
7891317439033;24,66;24,66
7896523207643;3,05;18,30
7896004716534;6,17;6,17
7897595901330;13,70;13,70
7896112493440;26,76;26,76
7896523206431;0,85;1,70
7891268101782;35,00;210,00
7896251802301;38,36;38,36
7899420500732;11,96;11,96
7891317451752;40,80;40,80
7898566782903;5,16;41,28
7891317478919;15,48;15,48
7891317478766;8,90;8,90
7500435125482;8,19;16,38
7897473205741;40,46;40,46
7896015522506;12,75;12,75
4260085521234;27,02;54,04
7896004721903;2,12;25,44
7898238650592;10,96;21,92
7898238650370;10,96;10,96
7899095200425;2,01;8,04
7894916508506;44,26;44,26
7896004722177;33,99;135,96
7896094206342;41,38;41,38
7896658012402;42,76;42,76
7896004706573;2,49;12,45
7896004715520;4,95;14,85
7894916501668;36,67;36,67
7896004705644;4,56;13,68
7896641804380;51,55;51,55
7896523202860;2,87;2,87
7891142177124;22,32;22,32
7896241293553;54,75;54,75
7897411611016;44,85;44,85
7896472502738;0,98;119,04
7896212469468;1,81;48,90
7896714214566;1,43;48,48
7891721100048;9,46;9,46
7891317125455;43,11;43,11
7896094207851;32,96;32,96
7899095239340;7,99;15,98
7898096577840;24,18;48,36
7896000713964;5,00;10,00
7896000713261;5,91;5,91
7899785200568;8,05;8,05
7891106910620;25,81;25,81
7896523215235;8,40;201,60
7894916147996;11,35;34,05
7896004729435;10,80;10,80
7894916147705;22,50;22,50
7894916146852;3,41;40,92
7896004710792;4,73;4,73
7896523206080;2,53;53,13
8902220109599;104,45;104,45
7896004703954;5,19;15,57
7898600810593;9,00;27,00
7898126407666;6,68;46,76
7896094208674;33,39;100,16
7891317478964;20,16;20,16
7897129300769;22,04;22,04
7899547504675;12,41;12,41
7896331704037;3,61;3,61
3487569245207;9,00;36,00
7898557141337;6,50;13,00
7896658011863;20,89;20,89
7894916146111;20,91;62,73
7891106904582;39,39;39,39
7896714223834;4,30;8,60
7898060132655;0,33;13,48
7894916145718;7,79;7,79
7896004737423;24,94;24,94
7896004731261;6,78;6,78
7896180300558;26,33;26,33
7896180300541;19,95;39,90
7896006290483;17,52;17,52
7896641804120;105,30;105,30
7898029558809;51,59;51,59
7896422500111;21,97;21,97
7896112113584;3,95;7,90
7896004712697;11,51;23,02
7896269900631;24,69;24,69
7896004706733;5,88;5,88
7896004709833;25,77;25,77
7898047851128;3,60;162,00
7896112118763;108,54;434,16
78926868;3,30;6,60
7894916509336;51,61;103,22
7894916509329;43,47;43,47
7896004701233;3,73;3,73
7896004712147;2,44;2,44
7896658005091;24,61;24,61
7896112110576;1,69;15,21
7896112144892;4,81;9,62
7897411610682;49,40;98,80
7896637023047;60,37;60,37
7896181906391;26,47;26,47
7891317469238;39,18;39,18
7897595614384;14,58;29,16
7898049792672;4,92;19,68
7894916143264;0,80;78,75
7896112160311;2,18;154,66
7894916148009;47,04;47,04
7891317498788;53,52;53,52
7894916140348;15,54;15,54
7896006290209;55,22;110,44
7896180300114;21,22;21,22
7896112470830;63,00;126,00
7896015518325;8,26;8,26
7896714205779;1,00;2,00
7896004722467;2,83;2,83
7896006214007;11,37;11,37
7896006215714;6,06;18,18
7896331701029;0,86;41,90
7896004713502;0,51;18,77
7896023705397;20,09;100,45
7897595624635;20,15;20,15
7896206404291;26,60;26,60
7892953000694;127,16;127,16
7896004721309;4,55;4,55
7896317910292;49,03;49,03
7898049793471;1,52;94,18
75023393;2,17;86,85
7896014175529;24,62;24,62
7896714226705;1,32;60,72
7896641806056;0,69;1,38
7896658002892;22,47;22,47
7896112139942;2,13;6,39
7897724000101;2,50;10,00
7896714214405;4,96;24,80
7899620910485;3,91;46,92
7894916508513;50,30;50,30
7896004739588;32,66;32,66
7896006257943;1,10;1,10
7896004730066;2,00;2,00
7899095201781;6,83;6,83
7896523209142;1,49;1,49
7898049793310;18,07;90,35
7896004702735;4,98;19,92
7896004702742;4,33;4,33
7894916146401;5,39;10,78
7896015520533;1,38;38,68
7896523207803;10,04;140,56
7897411610941;20,55;41,10
7896004700403;10,78;21,56
7896006224181;26,38;26,38
7899095239401;13,99;13,99
7896714212678;5,25;10,50
7896523207636;4,36;8,72
7896422507264;8,04;8,04
7896004711546;7,08;7,08
7898118240714;20,00;40,00
7896094208124;23,28;69,85
7896862990107;5,58;11,16
7896112110583;7,66;22,98
7896004712963;43,86;43,86
7891000113998;17,52;52,56
7896004732893;11,73;11,73
7896004729459;20,77;20,77
7896714241289;11,49;22,98
7895296193016;10,55;31,65
7894916143875;21,51;64,53
7896112480709;18,40;18,40
7896181921288;7,64;7,64
7891150019560;1,34;8,04
7898108612385;1,12;44,80
7898932022480;7,69;38,45
7898932022459;7,69;46,14
7891224359363;14,29;28,58
7891182050081;0,95;469,30
7896006212157;14,39;14,39
7896548198285;20,77;20,77
7891224818907;17,86;35,72
7891224641307;19,23;96,15
7891224818907;11,79;11,79
7893249923857;11,79;11,79
7898569442392;0,09;1,47
7898569442385;0,09;0,52
7899547525076;4,26;8,52
7898901947622;3,72;29,76
7898075314206;0,90;150,30
7500435106580;22,52;157,64
7896004810188;9,43;28,29
7896523208107;6,17;49,36
7500435106573;22,51;90,04
7896094906648;5,05;5,05
7897732697027;1,80;12,60
7898961206554;19,90;59,70
7896020160106;2,03;4,06
7896862920067;5,81;598,88
7896699025195;0,80;17,60
7898961206387;26,90;161,40
7795320000849;12,43;24,86
7896331703931;0,72;23,08
7896023701436;16,43;16,43
7896658007996;4,97;49,68
7896004739625;0,88;116,42
7895858006013;11,62;11,62
7896226105208;71,21;71,21
7898060133713;6,00;102,00
7896641808982;66,27;66,27
7898039564623;21,99;329,85
7898952768047;12,50;12,50
7896241296523;24,48;24,48
7896094208544;65,85;65,85
7896658025150;65,55;65,55
7898952768030;12,50;12,50
7898014565355;3,10;3,10
7896006207733;12,97;25,94
7896672202902;57,18;57,18
7891000140307;9,15;109,80
6295125003393;9,73;58,38
6295125003409;9,73;68,11
6295125003416;9,73;9,73
7891158100253;36,66;36,66
7894916143042;6,38;25,52
7898600811507;9,00;18,00
7898342521443;9,00;27,00
7896290401626;29,32;29,32
6295125025180;7,70;254,10
7896523208985;3,38;23,66
7896000717528;5,00;5,00
7896020160090;2,03;2,03
7896015528706;22,86;68,58
7891158100277;41,78;41,78
7898932022473;7,69;169,18
7500435112147;8,33;16,66
7500435112123;7,63;15,26
7896004759920;28,75;28,75
7896685301395;16,88;16,88
7896685301494;16,88;16,88
7896641810510;27,76;27,76
7896015525231;1,39;32,03
7898060132730;2,29;11,45
7891058017149;25,18;25,18
7896015525804;44,08;132,24
7896874720013;12,53;62,65