7899095244771;
7896112157380;
7896862980047;
7899095201972;
7896472515363;
7898103651419;
7899470801414;
7896112194347;
7898152460413;
7899095203952;
7897595629197;
7897595629180;
7897595629173;
17896714200177;
7899095200456;
7899095239982;
7898049790531;
7898014560534;
7898014560510;
7898014560527;
7898100243051;
7898100243266;
7899620910607;
7899620910584;
7898152460475;
17896112165245;
7899470802725;
17896714200160;
7896862910105;
7896472513321;
7896862940096;
7897732602373;
17896112133596;
17896112140129;
7896714217185;
7896714265858;
7898158693112;
7898158693129;
7898158692528;
17896112148859;
7896004706146;
7898060131184;
7898014560060;
7898014560077;
742832304795;
7896112125037;
7896112144151;
17896714230075;
7896714230085;
7898133138560;
7896004738208;
7898014561029;
7898495608343;
7896202501765;
7890060500000;
7896004810140;
7896862922085;
7896714270197;
7896004710549;
7896004710532;
7896714227771;
7896004743400;
7896874702712;
17896874720010;
7896874703238;
7899470802565;
7898049790463;
7898049794690;
7899470805849;
17896714250011;
7893454100159;
7898152460994;
7898152460970;
7898014565461;
7896004722702;
17896112191930;
17896714200382;
37896112143995;
7896112197423;
7899470804149;
7898152461373;
7898152461359;
7896004718309;
7896004704395;
7896004728605;
7896004714820;
7896004714837;
7896004720333;
7896004723280;
7896004726946;
17896714216000;
17896714216413;
7896112127758;
7896112103370;
37896112143582;
17896714222384;
17896714290017;
7898158690586;
7899095239340;
7896714262826;
7899095201712;
17896714202973;
7898495606042;
7898495607902;
7897595608611;
7897595624604;
7897595624611;
17896714250035;
7896004726199;
7896004725987;
7898495601474;
7896112144465;
7898495601412;
7898158697066;
7898158697035;
7898158697073;
7898158697028;
7898158697097;
7899095258327;
7896004722382;
7898014565645;
7898014565638;
7908020500735;
7896472512843;
7897852900847;
7899095220928;
7896004810188;
17896714224456;
7896112141655;
17896112189128;
7898014565652;
7898014565362;
7899620911215;
7899620911208;
7899620911871;
7896714203737;
7896714200699;
7896714200705;
7896472500253;
7896472500161;
7896862912017;
7898049793662;
7898060133713;
7896004719139;
7896004707624;
7898049796755;
17896112138638;
7897595600851;
7898216370238;
7897595602022;
7896004726014;
7898158690531;
7896112141686;
7899095234734;
7897732602533;
7899095220201;
7899095201224;
17896112122439;
7896004724157;
7898014565294;
17896714210015;
17896714210077;
7896004733449;
7896004726205;
7896004715032;
7896004715049;
7896004741826;
7898179710065;
7897595609120;
7897595606204;
7896622301419;
17896112152719;
17896112152726;
7898216361618;
6390000000000;
7899095220751;
7896004706535;
7899470802299;
7896112198949;
17896112143519;
17896112174841;
17896112142123;
7896112102441;
7898216362516;
7896472504404;
27896112144896;
7896004713649;
7898049793594;
7896004706252;
7896004726427;
7896112101666;
7896714250946;
7896714250953;
7898152462165;
7896714267395;
7896714203515;
7896714203492;
7896472502400;
7896677704883;
7896677700281;
7898014565188;
7898049795406;
7899620912274;
7896714214146;
7899620912748;
7894916140492;
7896862980153;
7899620912731;
7894916140485;
7896714214115;
7894916144803;
7894916142120;
7899095230026;
7894916141734;
7894916142632;
7894916142656;
7894916143400;
7899095233805;
7894916143295;
7898216365449;
7894916144261;
7894916144971;
17896112147906;
7894916143264;
7898505092506;
7894916142809;
7897595605900;
7897595602114;
7899095202245;
7896714202921;
7896714202891;
7894916142281;
7894916140911;
7894916141338;
17896112110344;
17896112110351;
7897595605276;
7898100243976;
7896112101734;
7897595614384;
7897595624635;
7898100243952;
7896112101710;
7894916143868;
27896112127820;
17896112128059;
7896112119524;
7896472512263;
27896112113731;
7894916144605;
7896472512270;
7898912189097;
7896112113744;
7898049793723;
7898216372027;
17896112123382;
7899095257559;
7894916143066;
7894916143073;
7896714205861;
7899095230323;
7894916140508;
7894916145350;
7899095249660;
7894916145367;
7891721026836;
7891721027017;
7891721026898;
7891721026959;
7897595605917;
7896112172666;
7894916145800;
7894916143479;
17896112116650;
17896112116667;
7899095232686;
7894916141383;
7894916142151;
17896112134210;
17896112149429;
17896112149412;
7898216368518;
7894916143806;
7896112196266;
7897595617484;
7899095259546;
7894916143127;
7896862923679;
7898060131986;
17896112126727;
7894916142908;
7899095232389;
7894916143141;
7894916143134;
7894916142083;
7896714207032;
7899095202177;
7899620912953;
7894916143257;
7896714203416;
17896112136139;
7894916140607;
7894916146128;
7894916146135;
7898095341305;
7894916147316;
7898095341268;
7894916145695;
7891721030017;
7898049796083;
7899095239838;
7899095230309;
7894916144872;
7894916143998;
7898907313858;
7896714241821;
7898907313872;
7896112123033;
7899095249790;
7899095258365;
7898912189912;
7896112145806;
7896112158288;
7894916143431;
7899095245686;
7894916141536;
7894916145459;
7897595620293;
7897595620354;
7894916141666;
7898060132563;
7899095230286;
7896112155003;
7894916141499;
7899095232372;
7899095202085;
7896714204390;
7894916141345;
7894916143509;
7896714225616;
7894916141321;
7896112136460;
7899095202054;
7894916143301;
7896112174929;
7896112147701;
7896714204413;
7898216362110;
7896112149521;
7894916140713;
7896112148593;
7899095256323;
7899095256378;
7896112123170;
7896714261522;
7896714261515;
742832304719;
742832304962;
7894916143226;
7896714201177;
7894916143202;
7896714213736;
7896112161233;
7894916143448;
7896112123880;
7899095233515;
7899095233522;
7894916145114;
7894916145121;
7894916145466;
7894916142052;
7891721023507;
7897595602527;
7896714207056;
7896714207049;
7894916148108;
7894916147118;
7894916148252;
7896112126225;
7896714205823;
7896714205816;
7896714205830;
7894916140140;
7898158696236;
7894916147996;
7894916147705;
7894916147712;
7894916148009;
7896112100041;
7894916148245;
7894916145015;
7898912189479;
7898912189486;
7899095234833;
7894916143622;
7896112149033;
7899095250949;
7898495605823;
7897595614186;
7894916141024;
7896714217093;
7898216371020;
7898216371037;
7894916146357;
7894916145749;
7896714228389;
17896112165658;
7896714211978;
7894916143523;
17896112132933;
17896112132971;
7894916145558;
7894916145503;
7894916146111;
7894916145718;
7899095235632;
7898095343880;
7894916145688;
7896714211275;
7898095343873;
17896112133008;
7894916145480;
7898216369980;
17896112114410;
7898060132785;
7894916145435;
7896714214337;
7898216366972;
7898910350062;
7896714212678;
7896714212708;
7896112151142;
7896112151180;
7897595605283;
7891721019999;
7891721020049;
7891721020094;
7891721020148;
7891721020193;
7891721020247;
7891721019791;
7891721019845;
7891721019890;
7891721019944;
7898060132624;
7896714213040;
7894916142878;
7898216370610;
7896714208763;
7896112114185;
7896714208565;
742832304726;
7894916142427;
7891721238253;
7896112126478;
7891721238123;
7891721238239;
7896112126485;
7891721027406;
7891721238246;
7891721022722;
7891721025334;
7898917592359;
7896112144816;
7896112196082;
7899095232532;
7896112102519;
7896714205809;
7896112102663;
17896112191916;
7899095202306;
7896714202693;
7896112115168;
7896112121831;
7896112115175;
7896714214399;
7894916147941;
7894916146883;
7896112105497;
7896714206080;
7896714229829;
7896112189107;
7899095202146;
7896714265766;
742832304733;
7894916143158;
7894916141277;
7896714224688;
7896112146117;
7899095202115;
7899095202108;
7896112166221;
7898060132686;
7894916142946;
7896714237497;
7896714237510;
7896112123361;
7899095238565;
7899095238572;
7894916143530;
17896112147319;
7896714204185;
7894916142311;
17896112119989;
27896112171311;
17896112149702;
7894916142298;
27896112184236;
7894916143554;
7894916144537;
7898216367290;
7894916146852;
7899620911512;
7899620911505;
7899095230293;
7894916141123;
7898049796069;
7894916141116;
7898049796038;
7891721028113;
7896112171287;
17896112166358;
7896714209852;
17896112114069;
7896714207018;
7896112110576;
7896714205182;
7896112110583;
7897595620415;
7894916143738;
7894916140478;
7899095202580;
7897732602489;
7896112121176;
7897595631510;
17896112121180;
7897595618603;
7897595615480;
17896112132810;
7894916143103;
17896112129308;
7894916140089;
7891721028441;
7897595632548;
7891721023521;
7897595602053;
17896112145773;
7898049792672;
7898049792511;
7897595601834;
7899095234192;
7899095233836;
7899095230255;
7896472506378;
7896714223971;
7896112159131;
7896714242194;
7894916147743;
7894916142786;
7897322703794;
7899095230095;
7898060137926;
7894916142939;
7896862925123;
7896714224107;
7899095232655;
7894916145541;
7899095249684;
7894916147224;
7894916146791;
7896714241319;
7894916146807;
7896714241340;
7894916146777;
17896112124907;
7897595602312;
7898216371402;
7896862910037;
7896862960254;
7896862960261;
7896622300443;
17896622302802;
17896622301829;
17896622301850;
17896622301881;
7896622300450;
17896622301003;
17896622300990;
7898158692658;
7898158695826;
7898158692634;
7898158695833;
7898158692641;
7893353040754;
7898100243648;
17896622304301;
17896622304295;
7899095202511;
7898100242955;
7898100242948;
7898100243808;
7899620911826;
7899620911840;
7899620911833;
7898049798223;
7898014561340;
7898100242962;
7898100241804;
17896874720027;
7896202503516;
7898152462516;
7896112191926;
7898049790395;
7898152462554;
7898049799558;
7898216364978;
7896004714912;
7896004812281;
7898216362639;
7896862960186;
17896714230426;
7896714219301;
17896714226030;
17896714219315;
7896004799902;
7896004747507;
7896004732930;
17896714213856;
17896714211197;
17896714226382;
17896714201143;
7896112101314;
17896112140938;
17896112160295;
7896112160311;
17896112139949;
17896112158360;
7899095222236;
7899095222182;
7899095244085;
7899620910621;
7896004756738;
7897732609105;
7896862980023;
7898216361359;
7896004746531;
7896472502745;
17896112165535;
7899470804491;
7898216361403;
7898216364930;
7908020501183;
7908020501176;
7896004723334;
7896004723341;
7899620910645;
7899620910652;
7899620910669;
7898133139420;
7896112120940;
7896112199335;
7896714230160;
7898049795017;
17896714221356;
7896004748245;
7898495609791;
7898495609203;
37896112141663;
17896714204885;
7896714215426;
7898100243921;
7896004704531;
17896714273003;
17896714230051;
17896714230501;
17896112148668;
7899095204522;
7896862960124;
7896004755113;
7898152463117;
7898014565843;
7898014565836;
7898505091370;
7897732697027;
7897732601390;
7899095234598;
7896472506415;
27896112147798;
7896472516377;
17896112191909;
7896004729985;
7896004729824;
7896004737713;
7898907312905;
7898907312929;
7898907312868;
27896112127370;
7896472501694;
17896714218707;
17896112143649;
7896112173403;
7896004739663;
7896004734132;
7898100244058;
7896004743998;
7899470805061;
7899470805641;
7898014565539;
7898158692139;
7899620910638;
17896714200061;
17896714224050;
7896714240473;
7896714265742;
7896714227290;
17896714233830;
7896714233840;
7896004704173;
7896714265933;
17896714224517;
7896714283005;
7896714270029;
7896714200255;
7896714225296;
17896714231140;
7896714230023;
7896714219288;
7896004811574;
7896004744476;
7896677701615;
7896004742120;
7896004742137;
7899095202825;
17896112161155;
7896862922108;
7896472503766;
7898049799312;
7896862910938;
7896862910280;
7899095243224;
7898495603973;
7899620911192;
7898582270569;
7899620911185;
7899620912465;
7896004722689;
7896004709178;
7896004709161;
7896004744155;
7898014564297;
7899095220805;
7898158690395;
7898158690401;
7896004712642;
7898395843394;
7898395843370;
7898100240432;
7896622304755;
7896004731100;
7899470803104;
7896714215037;
7896714224138;
17896112122637;
17896112136559;
7896004708157;
7896112101291;
7898014562149;
7896004708133;
7896004716640;
7898049794096;
7898049798001;
7896004703831;
7896004707846;
7896004818993;
7896004734576;
7908020500575;
7898495603959;
7898495603966;
7898495605809;
7898495609036;
7898495609494;
7896112180616;
7896112148685;
7896112167419;
7899620911444;
7899620911437;
27896112118767;
7896714266916;
17896714266944;
7898049793709;
7898049793730;
7898158691576;
7898495605908;
7898060131665;
7899620912038;
7899620912472;
7899620912069;
7899620912045;
7899620910676;
7899620912489;
7899620912496;
7896202501642;
7893353604314;
7898060133942;
7898060138626;
7898060132310;
7898060132280;
7898060132327;
17896714200740;
7896004715247;
7896004715230;
7896004720838;
7896004703954;
7896004734026;
7899095221284;
7899095221383;
7899095221338;
7898049799572;
7896004743813;
7896004743820;
7898014565379;
7898014565560;
7899095220089;
17896112128127;
7896112191155;
7898049799008;
17896622304424;
17896622304097;
17896622304103;
7899095220706;
7898014560183;
7896472501724;
7896472508228;
7899095239470;
7899095239487;
37896112145715;
7898049793389;
7896004726694;
7896004728704;
7897732602502;
7897732604520;
7893353141949;
7896714207896;
7896714207919;
7896112164890;
17896112133619;
47896112145552;
17896112190612;
7896112134374;
7893353704922;
7896004742250;
7897732603349;
7897732610965;
7897732600638;
7896004726182;
7899620910690;
7898060131832;
7896472507740;
7896004739083;
7898100241606;
7898100241583;
7898100240791;
17896112171291;
37896112141397;
7896004810638;
7898574610175;
7896112116554;
7898495608329;
7896714203782;
7898049790586;
7898049799268;
7898049799275;
7898049795543;
7899095221727;
17896714205639;
7898958085438;
7899095203730;
7898100243518;
7898049798810;
7898049798773;
7898158694096;
7896004714639;
7898049798766;
7896004733142;
7896004733135;
7896004737430;
7896004737447;